3.190377310999999,18.80655300334789
3.346625429999996,384.00462280125817
3.4546549809999973,555.4035858206914
3.5690018089999995,524.7194089196672
3.6933574460000003,482.48717506870753
3.8476833149999976,388.78770220954357
4.032521396,324.60843390815796
4.220290849999998,319.540791762651
6.71048914,24.094466790433763
6.8317856449999965,494.6556374398562
6.935172406999996,580.3450929239884
7.0507862739999965,518.9688880486956
7.177213954999999,474.5796136211557
7.336462456999996,376.7696351705785
7.530514343999997,309.19565342850717
7.710957502999996,332.5146840285601
11.505996284999995,15.810115112546962
11.644661643,432.6963912644867
11.751683322999995,560.6340696576857
11.867211929,519.3518910805288
11.994033361999996,473.10615075609275
12.155500835999995,371.5918662355528
12.354175093999999,302.0018829011999
12.535677479,330.5741684881961
19.695983833,8.379529734294383
19.818248050999998,490.740471590805
19.903378923999995,704.7971891466688
19.976645038,818.93247402196
20.036204350999995,1007.3991283278566
20.088682581,1143.3312442129566
20.132229298999995,1377.8305864521722
20.174096892999998,1433.0892766371035
20.212405245999996,1566.2380473523172
20.251267508999995,1543.914207981201
20.289792739,1557.420942068162
20.326024933999996,1655.9857883301183
20.359774979,1777.7754074103043
20.393920859999994,1757.1665525341527
20.428663879999995,1726.9655890593021
20.463087470999994,1742.9907298166804
20.496633711999998,1788.575954009094
20.53004636,1795.7271749307577
20.562959733,1822.9672176109348
20.595379197,1850.7400369111492
20.626901884999995,1903.3909798557986
20.658382437,1905.9386252182137
20.689291216,1941.1960595401945
20.719783844999995,1967.6886502640261
20.749827878999994,1997.0687025584218
20.780049985999995,1985.3016866097282
20.810254488999995,1986.4587740443726
20.840273105999998,1998.759636394762
20.870161408999998,2007.4742952117492
20.900216379999996,1996.3419695198884
20.930343590999996,1991.5550762398861
20.960406635,1995.8058804689217
20.990495408,1994.0992608769536
21.020711108999997,1985.722588398928
21.051039519,1978.343078321434
21.081341158,1980.0909119139703
21.111732276999994,1974.2609674889711
21.142093083,1976.232119792577
21.172346960999995,1983.2168292609379
21.202923080999994,1962.3156894989147
21.233609723,1955.2481499926828
21.264287353999997,1955.8224688212604
21.295006338999997,1953.1895340943047
21.325853605999995,1945.0669649276442
21.356522331,1956.3904270552384
21.387445901,1940.26756936545
21.418416397999998,1937.3276444353812
21.449508353999995,1929.7595815459497
21.480672966999997,1925.2605511256409
21.511995706,1915.541294137556
21.543285841,1917.5372685353361
21.574656808999997,1912.596385294996
21.606175590999996,1903.6268596927903
21.637590152999998,1909.9422745412248
21.669119976999994,1902.9601941326193
21.700778811,1895.20561622674
21.732574938,1887.0222779019723
21.764412158999995,1884.586597555319
21.796351412,1878.5661643367694
21.828228738,1882.2155911069808
21.860270751999998,1872.5414700837287
21.892492403,1862.101976090525
21.925039575999996,1843.4780802622868
21.957405967,1853.7747999149278
21.989976733999995,1842.1426796614237
22.022649846,1836.3723663663022
22.055360873999994,1834.2437908099535
22.088184247,1827.9656999293811
22.121084963999998,1823.6684629093563
22.154170213,1813.4970058709607
22.187267024999997,1812.863426241965
22.220386753999996,1811.6090261487807
22.253697474,1801.2219489700244
22.286982775999995,1802.5974347478468
22.320527299,1788.6675568465844
22.353978487999996,1793.6582164539739
22.387420614999996,1794.1442540421765
22.421096075999998,1781.712802684349
22.454715703999995,1784.6717399730248
22.488372102999996,1782.7219127036474
22.521896886,1789.7207567306953
22.555660681,1777.0514244622766
22.589223069,1787.7154629164052
22.622914676,1780.858953982139
22.656636127,1779.2828665647671
22.690330443,1780.715774138188
22.724261894999998,1768.2709245688827
22.758098816,1773.2109845335997
22.791889589999997,1775.632603148024
22.825716510999996,1773.7351856529083
22.859633795999997,1769.0095183030717
22.893348840999998,1779.6209377741666
22.927185500999997,1773.2246622451041
22.960969401,1775.9938905808542
22.994793351999995,1773.8909330849206
23.028586001999997,1775.5340288493474
23.062430890999998,1772.793522826987
23.096349374999996,1768.9469847769365
23.130268586999996,1768.9090182872987
23.164249622999996,1765.690722319348
23.198550401,1749.231460580753
23.232605604,1761.845319201236
23.266705338999998,1759.5444656682341
23.300930699,1753.0860157496916
23.335253977,1748.0847837434437
23.369656108999997,1744.0779542385822
23.404179074999995,1737.973498569177
23.438751052,1735.5096585882181
23.473267508,1738.3012902599955
23.50800657,1727.1623511308455
23.542866464999996,1721.175580133147
23.577540057,1730.4235453884487
23.612233284999995,1729.4441439697996
23.646794012,1736.0745912546852
23.681393749999998,1734.1171774192314
23.716057289999995,1730.925346920871
23.750604683,1736.7446510361315
23.785420984999995,1723.3306397677484
23.820260775999998,1722.168769611581
23.855143276,1720.0602021069787
23.889991764999998,1721.7389253233728
23.924839733,1721.764666450511
23.959593274,1726.442781758525
23.994555565999995,1716.1346287024614
24.029533273999995,1715.3782632069765
24.064589004,1711.560421077929
24.099637807,1711.8986916613435
24.134676713999994,1712.382181328065
24.16966411,1714.903275453562
24.204829163,1706.2394303799258
24.240112290999996,1700.5294995388904
24.275285677,1705.8352016491508
24.310587137999995,1699.6463687439687
24.345710419999996,1708.2686065612777
24.380805734,1709.6299523063078
24.415890005999998,1710.1680205877421
24.450995266999996,1709.1455323463636
24.485951725999996,1716.420991039167
24.521083341,1707.8634159002459
24.556048653999994,1715.9863548200171
24.590971935,1718.05163438086
24.625883394,1718.6334148910857
24.660753080999996,1720.6922448143937
24.695645371999994,1719.5775422141996
24.730635164,1714.7858438253095
24.765538393,1719.0386597182205
24.800571571,1712.6622083786294
24.835432820999998,1721.1086808419716
24.870205372,1725.4989431173592
24.905086673999996,1720.1192776579355
24.93982886,1727.0070455553825
24.974543077,1728.3984829615458
25.009113022999998,1735.6116205678748
25.043706510999996,1734.4304800950458
25.078270988,1735.8862395051967
25.112789578999994,1738.1937750590762
25.147258013999995,1740.723070252494
25.181950252,1729.493496498871
25.21655801,1733.7153131965415
25.251188997999996,1732.5523603313368
25.285773839999997,1734.8640771583764
25.320205191,1742.597901546077
25.354606177999997,1744.1360040048733
25.388945653,1747.260259511677
25.423368462999996,1743.0302755646119
25.457734814,1745.8938250381957
25.492056737,1748.1537966272915
25.526763974999994,1728.7460327441595
25.561559026999994,1724.3831105641225
25.596231368999995,1730.485930255285
25.631111628999996,1720.1706638653989
25.665862460999996,1726.577366550519
25.700491000999996,1732.6748398864092
25.735136677,1731.8178464750822
25.769938341999996,1724.0554438992056
25.804809643999995,1720.6125541283643
25.839668497999995,1721.2269800952424
25.874645113,1715.4318678348764
25.909719228,1710.6632626368253
25.944655894999997,1717.3933621088056
25.979839073999997,1705.3603939541404
26.014969127,1707.9393532368028
26.050212044999995,1702.469699018947
26.085574652,1696.707485395363
26.120924498,1697.319982666845
26.156416532999998,1690.5201406457738
26.192005652,1685.908549745179
26.227596540999997,1685.8247064298746
26.263292223,1680.8755748102508
26.298873424,1686.2837204399318
26.33426874,1695.1395489731428
26.369768690999997,1690.1431779441773
26.40529807,1688.7432791885956
26.440758853999995,1692.0099679693951
26.476253545,1690.393642249022
26.511826725999995,1686.6638943536057
26.547343812999998,1689.3277311846002
26.582852306,1689.7365934396864
26.618376788,1688.9760700803663
26.653893822999997,1689.3302045061848
26.689351326,1692.166535246266
26.724729298,1695.970588704221
26.760142373999997,1694.2894201001957
26.795406854999996,1701.428698185073
26.830670085999998,1701.4890098980684
26.865834565999997,1706.267233299113
26.901132433,1699.8194253492131
26.936495717,1696.675003373609
26.972015616,1689.193992359019
27.008297604,1653.713131706062
27.045924807,1594.5910196939356
27.084570559,1552.5639143986336
27.124675902,1496.0600137492731
27.166063908999995,1449.6953187431218
27.209145624999998,1392.7021848432298
27.254039798999997,1336.4763098214182
27.300681171,1286.4115575329909
27.349359586,1232.579162653567
27.399730927999997,1191.1534935877244
27.453193434,1122.281847394083
27.506926618999998,1116.6283926776623
27.563897583999996,1053.1680479697375
27.620992508,1050.8815109377333
27.682220633999997,979.9417999499751
27.743401935999998,980.691780635833
27.809675352,905.3403856532575
27.876066164999997,903.7394978127721
27.948954932999996,823.1720969683723
28.022015421,821.2373287186031
28.103904764,732.6960725524418
28.185838220999997,732.3015798051996
28.275552298,668.7913648155532
28.369810776999998,636.5475088983977
28.475909638999994,565.5103067929439
28.590298757999996,524.5254139950058
28.727315097,437.903978736415
28.884514366999994,381.6811617509603
29.134948464999994,239.583988279424
