0.035672660999978234,1681.960311288149
0.07257491299998264,1625.91703075446
0.11040571099999852,1586.0093672878595
0.14727634799999123,1627.3111853210419
0.1853057409999792,1577.7269965896896
0.22159095799997885,1653.565968752525
0.258936336999966,1606.624476886971
0.295193740000002,1654.8344623562928
0.33237068099998623,1613.9036291346674
0.36819506099999444,1674.8370802226377
0.4048893949999979,1635.1298268554044
0.44039231499999687,1690.0018364687103
0.4767933129999733,1648.3064557746152
0.5127756629999567,1667.4841971140763
0.5495841119999909,1630.0605331114123
0.5855540139999675,1668.0612585499673
0.6223853789999794,1629.0463304843774
0.6585517409999966,1659.000150470524
0.6956869619999679,1615.716788114612
0.7316254579999963,1669.5189470353064
0.7685237509999752,1626.091483419963
0.8047956859999772,1654.1714689331197
0.8420622099999946,1610.024052685246
0.8782532600000081,1657.8684509009145
0.9153725959999974,1616.4082245441382
0.951630104000003,1654.8296700366373
0.9886295430000018,1621.646209284469
1.0247815820000028,1659.6574262380718
1.0618611259999966,1618.142876838238
1.0983638949999772,1643.7109195752207
1.1359581819999676,1595.9871775202282
1.172289596999974,1651.4633410228946
1.2095264339999972,1611.3076414079626
1.245566700999973,1664.8045365490873
1.282378534999964,1629.9106423226476
1.3184852599999886,1661.7402990705757
1.3556365239999764,1615.019074452479
1.391804499999978,1658.926117402794
1.4288557630000014,1619.3779952916038
1.4654057199999784,1641.5887985870347
1.5028365679999638,1602.9559362380296
1.5389923569999837,1659.4852901693541
1.5760814319999668,1617.7270530480318
1.612088158000006,1666.355335942921
1.648964522999961,1627.058415331151
1.6850719779999963,1661.7067029493305
1.7221273559999872,1619.1981633547146
1.758157778999987,1665.2593837158254
1.7951232599999685,1623.1359196984336
1.8310691510000083,1669.1754837829296
1.867869318999965,1630.4273393553756
1.9041648479999935,1653.0961706041717
1.9412803289999943,1616.5761128085292
1.9778101309999556,1642.494530905573
2.0151746239999966,1605.8025998087066
2.051360620999958,1658.099955075551
2.088465269999972,1617.0480416073306
2.1247555900000066,1653.3334509021345
2.1620028439999714,1610.8570043863258
2.1981218089999857,1661.1771682819922
2.2351134879999677,1621.9863932110022
2.2711525569999935,1664.8598774834325
2.308145589999981,1621.9270260975989
2.3442184099999963,1663.3021759866433
2.3811596200000054,1624.202347459255
2.4171940009999844,1665.0764723843856
2.4542127639999762,1620.7997009520068
2.49014136400001,1669.978791267778
2.5269158019999622,1631.568101736267
2.5630822150000085,1658.9978110332142
2.6002915519999874,1612.498497353879
2.6363787980000097,1662.637265253294
2.6733672999999953,1622.1257081463682
2.7094291299999895,1663.8090745813417
2.7463774749999743,1623.888701916817
2.7824719089999803,1662.3061605562236
2.81935598299998,1626.7183500391159
2.855835367999987,1644.764570455029
2.893271944999981,1602.710632438686
2.929758203999995,1644.4546973143072
2.966985665999971,1611.713417370196
3.00347525899997,1644.3044459279622
3.04080907499997,1607.122079350247
3.0770499159999645,1655.5907187697255
3.114160293999987,1616.798406094475
3.150313738999955,1659.5928825054698
3.187378907999971,1618.7704418661706
3.2237285519999546,1650.6351478993079
3.2609663259999593,1611.2670966850058
3.2972436779999725,1653.9244650485537
3.334679785999981,1602.7307112156625
3.371136879000005,1645.7702757584198
3.408431944999961,1608.7918975681864
3.4445301810000046,1662.1310803089586
3.4814332660000105,1625.8803295169096
3.517536554000003,1661.8984952288122
3.5544914619999872,1623.6003077054227
3.590722719999974,1656.0286148502537
3.6279400249999867,1612.1532711726245
3.6641710739999667,1656.0381677061894
3.7012726499999644,1617.1819763129104
3.7372352079999587,1668.4018973291493
3.7741138659999933,1626.957249907077
3.810134027999993,1665.733763218509
3.8472216979999985,1617.788337741124
3.883592799999974,1649.6613162845713
3.9210086479999973,1603.5985606944591
3.9572294369999668,1656.5072616184734
3.994435335999981,1612.647499795051
4.030944094999995,1643.44123556696
4.068360933000008,1603.556131599881
4.1045975029999795,1655.7858539052506
4.141582099000004,1622.2970233326268
4.177946690999988,1649.95663914025
4.215286392999985,1606.8687425519563
4.25130332599997,1665.8831000414498
4.288182712999969,1626.9250896171773
4.323953707999976,1677.3366242674556
4.360728354000003,1631.558873468346
4.3967444019999675,1665.92403475413
4.433739726999988,1621.8265415958988
4.4701832259999605,1646.3841740345983
4.507306207999989,1616.2494704750457
4.543491787999983,1658.1190628976876
4.580692217999967,1612.8845822487845
4.616896131999965,1657.2793759261358
4.654246354999998,1606.4161116239532
4.690400111999963,1659.5785605368008
4.727510698000003,1616.7893441492852
4.763903884000001,1648.6602739315913
4.8011163449999685,1612.3631275032487
4.837730573999977,1638.7071812979095
4.875331528000004,1595.704194099894
4.9122634670000025,1624.6100698910534
4.950254475000008,1579.3210856629737
4.986530523999988,1653.9838723900996
5.023737672999971,1612.5933217841582
5.059519032999958,1676.8507401625159
5.096267377000004,1632.7266338838454
5.132109517999993,1674.0071414823722
5.16883650699998,1633.6759868885638
5.204657189999978,1675.0099376945077
5.241421731999992,1632.0072748349871
5.277152258000001,1679.2364041879769
5.313672422999957,1642.9279550098386
5.349501386999975,1674.6227995866655
5.38630816899996,1630.1343594782147
5.422797448999972,1644.3185505436163
5.4601392349999855,1606.7790651464522
5.496937422999963,1630.5150677537908
5.5347880649999865,1585.1778683162813
5.57123229299998,1646.351241135105
5.608744651999984,1599.4728563989536
5.644950388999973,1657.1959300267376
5.682242902999974,1608.9019903565345
5.718130304999988,1671.8958926025334
5.754910419999987,1631.316269674563
5.790823393999972,1670.7054113654326
5.827648926999984,1629.3043199124832
5.863783620999982,1660.454077734933
5.900680976999979,1626.132777644136
5.936941765999961,1654.6799353987983
5.974245633999999,1608.4122965462816
6.010680226999966,1646.7866129327697
6.047881906999976,1612.8303883046249
6.084103945999971,1656.4500965837033
6.121170885999959,1618.6930995657824
6.1574662579999995,1653.1033212700788
6.194771532999994,1608.3516339179712
6.2308671650000065,1662.2509892603846
6.267920355000001,1619.2937774050952
6.303628016000005,1680.3116843747907
6.340259849000006,1637.919674944956
6.376733607999995,1645.0182719038637
6.414289821000011,1597.6051685502503
6.450457745999984,1658.9284566379104
6.487631300999965,1614.0506335762166
6.524050579999994,1647.479072827128
6.56128163599999,1611.557834943131
6.597389716000009,1661.677940227438
6.634397227999955,1621.2924554368383
6.670387390999963,1667.1222078095743
6.707227767000006,1628.6478726473765
6.742951416999972,1679.5596194693835
6.779426269999988,1644.9689324306337
6.815296119999971,1672.7139923927218
6.851919670999962,1638.2900718724593
6.888177335999956,1654.822504427971
6.9254849539999555,1608.2506259177492
6.961889753999969,1648.1343119582336
6.999311540000008,1603.3441054881296
7.035846340999967,1642.2697909334943
7.073327345999985,1600.8108640622486
7.110107566000011,1631.3116125993345
7.148047636000001,1581.4414680841373
7.18452248899996,1644.968932433197
7.222071514999982,1597.9109551327615
7.25855480499996,1644.588522582138
7.296059560000003,1599.7971457200827
7.332108473000005,1664.4052485021346
7.369011765999971,1625.8711654825752
7.404849687999956,1674.2042130686486
7.441542615000003,1635.1925263395674
7.477288348999991,1678.5219741191972
7.514034089000006,1632.8423376417445
7.550001074999955,1668.196495533039
7.587020774999985,1620.7586771354413
7.623048801999971,1665.3701297610048
7.660141732,1617.5589256484723
7.696007986999973,1672.8816543585126
7.732756591999987,1632.7150377538783
7.768925765999995,1658.8711702397802
7.8060131749999755,1617.799722812452
7.8425394340000025,1642.6538507531138
7.880202002999965,1593.093662836948
7.916631386000006,1647.022130458073
7.954028275999974,1604.4114898338096
7.990985787999989,1623.485909981595
8.028913515,1581.9561240773487
8.065489409999998,1640.4246567309515
8.10302010199996,1598.6915455771868
8.139268496,1655.2457468855985
8.176286320999964,1620.8407706303217
8.212623932999975,1651.1817012075958
8.249835040999983,1612.4217532030182
8.285917651999966,1662.8508397030228
8.322969330999967,1619.3598136267533
8.359161943000004,1657.796900647568
8.39625169499999,1617.6975246430072
8.432342326999958,1662.4812776914605
8.469244734999961,1625.9101574074773
8.505715941999995,1645.1333787758808
8.543534239999985,1586.5335875246137
8.579717997999978,1658.202555964802
8.617066970999986,1606.4698753560942
8.653463697999996,1648.4998774747808
8.6907784,1607.9453079913296
8.726859604999959,1662.9156371043423
8.763812584999982,1623.6850180949293
8.799479255999984,1682.242786269506
8.836137495999992,1636.7397889256622
8.872141720999991,1666.4710877682076
8.909037253999998,1626.2131244991049
8.945381844999986,1650.8646362265972
8.982665714000007,1609.2750459982185
9.018695719999982,1665.2786569072514
9.055840160999992,1615.315734593629
9.091641936999963,1675.8945142846646
9.12852043800001,1626.96417622626
9.164687372000003,1658.9739124696277
9.201708999000004,1620.6743155830957
9.238475520999998,1631.9193857937
9.276246526999955,1588.5200410089155
9.31422894100001,1579.6784269665688
9.350389937999978,1659.246286822613
9.386594632999959,1657.2436254477993
9.423751000999971,1614.7972266821205
9.459666527999957,1670.5866518406751
9.496548883000003,1626.79416756131
9.532603838,1664.1263315958772
9.569716819000007,1616.6850084068597
9.606109379999964,1648.6885877603129
9.64340423799996,1608.8008700825992
9.67975596499997,1650.540564413436
9.717203116000007,1602.2580729823683
9.753667291999989,1645.450592384996
9.791228348999994,1597.3991360251705
9.827775545999998,1641.7127693812674
9.865244415000006,1601.3293595807886
9.901933956999983,1635.3433902238014
9.939541889999987,1595.408075205671
9.976062108000008,1642.9255707062166
10.013330037999992,1609.9633116200691
10.050059423999983,1633.569371402387
10.087561001999973,1599.932674833475
10.123747102999971,1658.0951896420845
10.160861594999972,1616.6191901535124
10.19672998599998,1672.7820325139858
10.23362984199997,1626.0226056170732
10.269394794999982,1677.619987365295
10.30609819099999,1634.7261163514213
10.342059446999997,1668.4623028736198
10.378816332999975,1632.3472015566329
10.415121080999995,1652.6763937313694
10.452371041999982,1610.7399414464353
10.488633081999978,1654.6228507829442
10.52588726199997,1610.5575266994147
10.562420344999964,1642.3470200970592
10.600019735999979,1595.7705272400945
10.636236357999962,1656.697855477169
10.673318037000001,1618.049711285643
10.709641691000002,1651.8161966854868
10.746842121999975,1612.884538892633
10.782973638999977,1660.6000794264482
10.819874015999972,1625.9996476460997
10.856730901999981,1627.9183216939273
10.894656388999977,1582.0495594428949
10.931243585999994,1639.9179199207836
10.968953655000007,1591.086985281801
11.005473977000008,1642.920892099418
11.042960866999977,1600.5595556219985
11.078983685999958,1665.6109006913266
11.115834790999997,1628.173700624066
11.151945787999978,1661.5437120175018
11.188918872999977,1622.8021005009618
11.225286745999995,1649.8077850186964
11.262640041999987,1606.2839541659932
11.298980101999973,1651.0704715408433
11.336435481999956,1601.9060546182457
11.372681166999996,1655.3694598387085
11.409967118999987,1609.185142973286
11.446345772999962,1649.3188560533629
11.48356542199997,1612.0517418094767
11.51971292899998,1659.8655060771944
11.556729139999959,1620.911443368231
11.592925761999993,1657.613243576806
11.630053482999983,1616.0431716241267
11.66614692799999,1662.3517095691534
11.70333001399996,1613.6369100737818
11.739784085999986,1645.9066630459442
11.777196860999993,1603.7302766231235
11.813507025999968,1652.4298361090218
11.850807403999966,1608.5627872190412
11.887286684000003,1644.7693046556467
11.924557947999972,1609.819296712068
11.960690768000006,1660.5401958646717
11.99762895699996,1624.3351832996989
12.033830526999964,1657.386682400658
12.070980593000002,1615.0711549190464
12.10733924699997,1650.2261057312955
12.144681083999956,1606.7768706725242
12.18068556999998,1666.4590073570107
12.217636728000002,1623.7650792964068
12.253603295999994,1668.2158831505187
12.29040429700001,1630.3904342160647
12.326240031999987,1674.3063871868992
12.362959104999959,1634.028179307406
12.398947184000008,1667.2187476280283
12.435948499000006,1621.5639903609838
12.471809649999955,1673.1197501185923
12.508651171999986,1628.597211590461
12.544632949000004,1667.5107513442285
12.581691138999986,1619.0752975261105
12.618052396999985,1650.1079253088797
12.65525163000001,1612.936481780724
12.69176861799997,1643.07089073354
12.729230196000003,1601.6410200324585
12.766504636999969,1609.682087520926
12.804821479999987,1565.891010383382
12.841413260999957,1639.7124807904015
12.879074266999964,1593.1597791091394
12.915149845999963,1663.1749694163618
12.952144962999967,1621.8356600952013
12.988079448000008,1669.7052984043403
13.02483966699998,1632.1991988144616
13.060878944999956,1664.8502225832758
13.098070416999974,1613.2730643189232
13.134573967999984,1643.6757070561137
13.172078827000007,1599.7927095249897
13.208501595999962,1647.3212127302502
13.24598088199997,1600.8842857889213
13.282313547000001,1651.406523577271
13.319444653999994,1615.895804022508
13.355592005000005,1659.872669507145
13.39259191299999,1621.6256537725833
13.42856816899996,1667.7666514284017
13.465425940999978,1627.879189224166
13.501286155000003,1673.1634674561403
13.538045592999993,1632.2338769166236
13.573988412000006,1669.3181466923393
13.610794672999987,1630.1574343569114
13.646698792999985,1671.1174093670463
13.683525053999972,1629.2721110085133
13.719682665999983,1659.401621987147
13.75691273199999,1611.600688539999
13.792898310999988,1667.3345731078218
13.829857957999991,1623.3921281768362
13.866100205999999,1655.5264452687143
13.903305740000008,1612.6633204615687
13.939198193999971,1671.6605668718312
13.976117267999996,1625.1761894125377
14.012060815999973,1669.2842899103237
14.048812857999962,1632.562348508899
14.08461291499998,1675.9749851786873
14.121220268999991,1639.0149367250367
14.156831939999961,1684.8409051080794
14.193456846000004,1638.2294605733584
14.229377997999961,1670.325049710845
14.266411863999963,1620.1387130362637
14.302605518000007,1657.749173375162
14.339872770999989,1609.9925583468498
14.37638283299998,1643.3825831359918
14.41403316200001,1593.6115724234994
14.450249783999993,1656.697855477169
14.487492505999967,1611.0530266837789
14.524034546999985,1641.9444113690824
14.56139122799999,1606.138403997692
14.597971862999998,1640.212095825794
14.635427295,1601.9038306646014
14.672043710999958,1638.6093057296505
14.70963664300001,1596.0447032946647
14.746260715999995,1638.2667214546402
14.78381135699999,1597.842231241987
14.820412148000003,1639.3088335161972
14.857837058999962,1603.2102254048054
14.89421618199998,1649.2975930170508
14.931532549999986,1607.8735208096916
14.968183393999993,1637.070076748784
15.005761742999994,1596.6640790951049
15.041813052000009,1664.2946307434872
15.078746552999974,1624.5413615150553
15.114787705999959,1664.7636106432217
15.151650841999981,1627.6423145324322
15.187665224,1666.001099226649
15.224634766999998,1622.9575788914522
15.260856858000011,1656.4477186029378
15.29793306900001,1618.2883412763542
15.333670729999994,1678.901145769606
15.370409074000008,1633.1710541982293
15.406694811999955,1653.542226427582
15.44389029399997,1613.0991392980181
15.48057212699996,1635.6870715816856
15.518219643000009,1593.7306461313678
15.554758506999974,1642.0871760013483
15.592134928000007,1605.2901373287402
15.62847347799999,1651.1390795733287
15.665541771999983,1618.633973282128
15.701518862,1667.727990228543
15.738529811999967,1621.141851264377
15.774771329999965,1655.5597919492452
15.812045249999983,1609.7045870134018
15.848113382000008,1663.5183657406444
15.884990581000011,1627.021618425942
15.921405537999988,1647.6746079924874
15.958680915999992,1609.6416245596142
15.995115924999993,1646.7678105965974
16.032618232000004,1599.90157405469
16.06881787499998,1657.4749093531552
16.10602023299998,1612.800995033623
16.142038259999993,1665.8325010412407
16.178959625999994,1625.0753019267415
16.214970882999978,1666.1456721720747
16.251808445999984,1628.7722399006225
16.287700065999957,1671.6994106157877
16.324551587999963,1628.1552767342891
16.36071722099996,1659.0335913657773
16.397679211999957,1623.2891783346506
16.43392369899999,1655.4241752668524
16.47099162799998,1618.6499116262657
16.50710799000001,1661.2968936337095
16.54416362699999,1619.1868459859904
16.580393061999985,1656.1119432308897
16.617517137999982,1616.201841629771
16.653789853999967,1654.1358524138338
16.69104189899997,1610.649831438678
16.72768144099996,1637.5750548415165
16.765215571,1598.5451108081104
16.801402661999987,1658.049827769244
16.83839434099997,1621.9863932110022
16.87408903299996,1680.9221942582437
16.910694616,1639.0942332467662
16.94695764400001,1654.5777699531175
16.98419468899999,1611.2986409105936
17.020319591999964,1660.9041137091906
17.057184030999963,1627.584784350097
17.093331121999995,1659.8846086935932
17.13032332099999,1621.9635929187525
17.166111867999973,1676.513997621392
17.202440002000003,1651.6124940507723
17.23799500499996,1687.5262252143184
17.274261523999996,1654.4185009854036
17.30984392299996,1686.2269460825707
17.346566069999994,1633.8913952918824
17.384334471999978,1588.629563941479
17.42320652699999,1543.5252908543148
17.461012376999975,1587.055971497154
17.49966791999998,1552.1706679943202
17.532850878999966,1808.1570121586644
17.56585024200001,1818.2169152755812
17.594898331999957,2065.540281653987
17.62406814100001,2056.9212503205786
17.650564913999972,2264.426690755315
17.67735132399997,2239.9418212444543
17.702272774999983,2407.5644712650255
17.727650581999967,2364.270482474628
17.751352182000005,2531.474668372752
17.775550659999965,2479.494784758766
17.798406317,2625.170652495543
17.82176906000001,2568.191586064279
17.844092682999985,2687.735767624356
17.86691959000001,2628.4769986550314
17.888763783,2746.7254111891543
17.91083912299996,2717.9649328216037
17.932081332999985,2824.5648640103072
17.95361786699999,2785.963609556797
17.974440595999965,2881.4666896003278
17.995305094999992,2875.6980936816854
18.01554755999996,2964.065888225451
18.035860598,2953.7679198887486
18.05542316200001,3067.0826175936973
18.075331301999995,3013.842578967596
18.09430729999997,3161.8890347734937
18.113667154999973,3099.1967656775028
18.132202890999963,3236.990427573687
18.15097019000001,3197.050358703797
18.169326601999956,3268.612624306786
18.18767645099996,3269.781675042068
18.205668641999978,3334.780072084434
18.223635779999995,3339.4300194022203
18.241349947999993,3387.119282147928
18.259152710999956,3370.2633686761806
18.276566043999992,3445.6355942814816
18.294098283999972,3422.2666356420214
18.311346094999976,3478.7023118461307
18.328775417999964,3442.4745011635173
18.345751403999998,3534.404422805234
18.36289911099999,3499.010100885603
18.379789992999974,3552.2123711512527
18.396718739999983,3544.267038781407
18.41346331899996,3583.2492414461894
18.430317376999994,3559.9735090429913
18.44695513299996,3606.255555143536
18.46366544099999,3590.5980907052417
18.480198299999984,3629.1363762323326
18.496883190999995,3596.067843653252
18.513477561000002,3615.6841145505628
18.530111149999982,3607.158984153815
18.54654984199999,3649.9254320215678
18.56323056599996,3596.9661748562885
18.579686340999956,3646.13638677062
18.59626675300001,3618.7279302714674
18.61253398499997,3688.3964032812723
18.629084812999963,3625.196274169891
18.64549464999999,3656.343448134474
18.66195120699996,3645.96312582949
18.678316043999985,3666.3976549173494
18.694763954999985,3647.8796608273997
18.711076291999973,3678.1976733342417
18.72765383799998,3619.353552086182
18.74392570599997,3687.3455463157384
18.760341949999997,3654.916435202956
18.77661574499996,3686.908923219443
18.793120375,3635.3435369253925
18.809329898999977,3701.527571080414
18.825830257000007,3636.2847399971574
18.84213285499999,3680.3949898088526
18.858536493999964,3657.724971885267
18.874919455999986,3662.341400774551
18.891394710999975,3641.8252706886997
18.90773064199999,3672.885249083525
18.92433245899997,3614.062243914118
18.940734641000006,3658.0498862815493
18.957339531000002,3613.3934039920105
18.97370738899997,3665.7209513988596
18.99034905100001,3605.409123190586
19.006843941,3637.4901560444846
19.023505811000007,3601.0363782681134
19.040113357999985,3612.8153062025726
19.056954708999967,3562.659551485096
19.07345194300001,3636.973325337331
19.09033959499999,3552.8917815260215
19.106941829999982,3613.9712514624443
19.123801929999956,3558.6977538740985
19.140409268999974,3612.860555200049
19.15741030800001,3529.196068538755
19.17406280299997,3603.063685060097
19.191075143999967,3526.8514779952534
19.207808264999983,3585.702870369718
19.22477086599997,3537.193382078585
19.241605393999976,3564.1034901593853
19.258728099999985,3504.119033520038
19.275560074999987,3564.6440777146886
19.29280611600001,3479.0593388897814
19.309782987999995,3534.219967026173
19.326977100999954,3489.566458016251
19.343931680999958,3538.8667840776266
19.361247512999967,3465.037082825177
19.378243447999978,3530.255911190538
19.395552196999972,3466.4550280334865
19.412522766999984,3535.5323951969062
19.42972453599998,3488.0133549063144
19.446568438999975,3562.11977710983
19.46375895799997,3490.296017241452
19.480632756999967,3555.808623773242
19.49782176599996,3490.60262869302
19.514812335999977,3531.370636767006
19.532074991,3475.7110073690674
19.549081290000004,3528.1044982211083
19.56631774699997,3480.993802851367
19.58339988,3512.4419181077556
19.600634669999977,3481.3304948935934
19.617765917999975,3502.371806187493
19.63511857399999,3457.683941867526
19.652318415999957,3488.404137672374
19.66980351999996,3431.492314829392
19.687062112999968,3476.529054249757
19.704535915000008,3433.7117932239994
19.721785028,3478.4397319462496
19.73922528899999,3440.315486106186
19.756549038000003,3463.4535515351704
19.774025236,3433.241028741487
19.791180077999968,3497.5548011524456
19.808751848999975,3414.567603912861
19.825833929999988,3512.4526104259085
19.84339507699997,3416.633321278253
19.860523252000007,3503.000173682462
19.877995647999967,3433.9881032995463
19.895012312000006,3525.955498672533
19.91238027999998,3454.6355681960636
19.92945876699997,3513.191771614662
19.946785224999985,3462.9120389148634
19.963868711999964,3512.1635296161903
19.981360586999983,3430.164004712787
19.998486105999973,3503.543454655947
20.01592647000001,3440.2951681438526
20.03314282299999,3485.0586532506195
20.050682354999992,3420.8438400749596
20.067904175999956,3483.9521325953187
20.085489645999985,3411.907671498248
20.102798081999993,3466.517714250663
20.120290114,3430.133217225776
20.13763302999996,3459.625820717434
20.155191989000002,3417.059063687018
20.17245349799998,3475.9417615268376
20.190061415000002,3407.5580887807087
20.207415632999982,3457.372726334852
20.224871258000007,3437.287407349427
20.24219703899996,3463.047351236809
20.259788601999958,3410.7259258323193
20.27708917399997,3468.0934248858
20.294657038999958,3415.326791276901
20.311889380999958,3481.8250473441585
20.329459173999965,3414.95201451584
20.346654484999988,3489.32333936381
20.36415193299996,3429.071485172947
20.381493285999966,3459.9376415426564
20.39892838999998,3441.333071483224
20.416233284999976,3467.227047608009
20.433900994999988,3396.025857338572
20.451173961999984,3473.6360001157573
20.468918807999955,3381.2634947690294
20.486389067999994,3434.407959576278
20.50418844500001,3370.9044985081414
20.521663654000008,3433.435331160292
20.539422092999985,3378.675344160559
20.55686756099999,3439.2886450499122
20.57458058399999,3387.338231311718
20.591962145999958,3451.933721497999
20.609658658,3390.498647408799
20.627146939,3430.86893445988
20.644727251999996,3412.90851875121
20.662285274,3417.2414181956324
20.680010691999996,3384.969539223714
20.697470066999983,3436.5491319158946
20.715213974999983,3381.4422392181177
20.732680329000004,3435.1759960852546
20.750360485999977,3393.6350225902033
20.767667724999967,3466.7574648985874
20.785339862,3395.1751279364616
20.802791111999966,3438.1491297253856
20.820397309999976,3407.890789366681
20.837880487999996,3431.8703384436135
20.855505696999955,3404.214951444741
20.872978717999956,3433.8652714947
20.89081215699997,3364.466046058253
20.908223459,3446.0375220592055
20.92601585699998,3372.226722899104
20.943391428999973,3453.123730259271
20.96106632599998,3394.644958891631
20.978456377999976,3450.2484523918297
20.99602184700001,3415.7926554587157
21.013409086999957,3450.8064534784603
21.031105910999997,3390.438871961569
21.048368305999986,3475.7633572884197
21.06606799399998,3389.8902624737007
21.083571587999984,3427.867442536951
21.101248048000002,3394.3447952778897
21.118706016999965,3436.825898827431
21.136374611999997,3395.855754228991
21.153753101000007,3452.54411934018
21.171353778999958,3408.959586679933
21.18879252900001,3440.613576077188
21.206440445999988,3399.834666044701
21.223768570000004,3462.5790997307563
21.24154378099996,3375.4873570920686
21.25898409299998,3440.30542572482
21.276852845000008,3357.8170428416256
21.294277428999976,3443.4107580478535
21.31202367999998,3380.9957945473357
21.32958519099998,3416.5625042179618
21.347282535999966,3390.3390593358204
21.364606546000005,3463.4013718455926
21.382128577999993,3424.2603825881033
21.39948274400001,3457.3830859942705
21.41718868199996,3388.6936687665116
21.43463185899998,3439.7403638074115
21.45238311099996,3380.0432780775054
21.46987482999998,3430.1945966506214
21.487685822000003,3368.7062461161267
21.50507410299997,3450.599860912906
21.52289863599998,3366.1470962503163
21.540323635999982,3443.328550931993
21.55814842899997,3366.097996203324
21.575654835999956,3427.3166389911953
21.593438066999965,3373.9650573040763
21.610929889999966,3430.174201968485
21.628709266999977,3374.6964249626803
21.64619634999997,3431.103975433075
21.66396260199997,3377.189516392976
21.681451247999973,3430.7973298782927
21.699194739999996,3381.521517857051
21.71671651099996,3424.3113895351735
21.734334375999993,3405.6339970754025
21.751818646999993,3431.6558008050515
21.769636252999987,3367.455762576615
21.78719182699996,3417.7179282260745
21.804987817999972,3371.545872323301
21.82247500599999,3431.0833737212283
21.84029302900001,3367.376953096277
21.857740008000007,3438.990784593924
21.875393707,3398.7211405396297
21.892799070999956,3447.2131694662044
21.91045084299998,3399.0921704588777
21.927837196999974,3450.9823048590274
21.945662147000007,3366.0683480115053
21.963222669000004,3416.754923345199
21.981055378999997,3364.603585210689
21.998658922000004,3408.404773969431
22.016450589999977,3372.3650868537193
22.033921631999988,3434.254236236287
22.051663716999997,3381.7896825525136
22.069210800999997,3419.371560539579
22.086851894999995,3401.1496112432687
22.10435720800001,3427.530830208416
22.122116896999955,3378.437539091251
22.13951241799998,3449.1637243811715
22.157287888999974,3375.437984176244
22.174882577000005,3410.120145346942
22.19275815200001,3356.535384175509
22.210272110999995,3425.8387837983037
22.228140134,3357.9540388985224
22.245545497999956,3447.2131694662044
22.26319711399998,3399.122210675828
22.28062893699996,3441.980795701318
22.29837180300001,3381.640823970338
22.315719093999974,3458.7533004503434
22.33352055399996,3370.5100592897434
22.350996699999996,3433.2512442891193
22.368882275999965,3354.658524841655
22.38631279599997,3442.2380973134
22.404178892000004,3358.3162208400086
22.421735298999977,3417.555767538009
22.43962587499999,3353.720975778252
22.457623533999993,3333.7669082402354
22.475908017999984,3281.470781457521
22.49440005599996,3244.639666005212
22.513096157000007,3209.225281776805
22.531840122999995,3201.0301341795994
22.550689661999968,3183.1017193622597
22.569675087999997,3160.318867741438
22.588748326999962,3145.768791557074
22.60787557599997,3136.886020565571
22.627035689999957,3131.505376222662
22.64639268100001,3099.6553131547653
22.665720244,3104.374824701396
22.685202704000005,3079.693221491601
22.704647039000008,3085.731653974855
22.72400991500001,3098.7132283444107
22.743324040000005,3106.5347252344463
22.762634571999968,3107.1127403488704
22.782036511,3092.4744171134844
22.801492252000003,3083.9226323991015
22.82094585699997,3084.2612461855742
22.840560245000006,3058.978949528725
22.86013109099997,3065.7846881073574
22.87986271899996,3040.8033234782224
22.899462524,3061.254946152466
22.91916347399996,3045.5384131286896
22.938826092,3051.4756478448394
22.958504699000002,3048.9963034472316
22.978368775999968,3020.5279611080773
22.998362853000003,3000.8887131871134
23.018352190999963,3001.6001530476847
23.038509395000005,2976.6033027136345
23.058657847999996,2977.896119371004
23.07895198,2956.519648142097
23.099202724999998,2962.853959200245
23.119624252999984,2938.0759363374696
23.140134896999996,2925.3103900571923
23.16068397800001,2919.8386049460064
23.181411027999957,2894.767948171601
23.20211938099999,2897.381554192543
23.223057579,2865.576111180653
23.243879577999962,2881.5677111551813
23.264754390000007,2874.2773827074725
23.285711597999978,2862.9767858430937
23.306692087999977,2859.799747289102
23.327655703000005,2862.1017892152795
23.34890952699999,2823.0214007627023
23.370159080999997,2823.588673907142
23.391430197999966,2820.7263398573086
23.41288074199997,2797.1318582870945
23.434321077999982,2798.4636061658075
23.45570438300001,2805.927334428368
23.477204771999993,2790.6471831765466
23.49865682699999,2796.9348391101494
23.520417113000008,2757.3167007066504
23.542114481999988,2765.312236707323
23.56406002899996,2734.0398487252965
23.58612463999998,2719.2865534746406
23.608270865999998,2709.265226497334
23.63025651800001,2729.0525657354583
23.652373368999974,2712.8635988955593
23.674426780999966,2720.667441392932
23.69670649799997,2693.032411497439
23.718977671999994,2694.065431841747
23.741437910000002,2671.3875427312496
23.764086117999966,2649.2162205546238
23.786871931000007,2633.217432263274
23.80971243199997,2626.91260581806
23.832660172999965,2614.636447222009
23.85553957999997,2622.4455904817437
23.878522529999998,2610.630924225454
23.90166188699999,2592.984757529068
23.924835618999964,2589.138426217419
23.948151069999994,2573.40078902706
23.97167912699996,2550.1468310830123
23.99511931899997,2559.7059955812433
24.01879076199998,2534.6997223603803
24.042606372999956,2519.355896435453
24.066479119999997,2513.3261790063902
24.09027139699998,2521.8267255395567
24.11433200900001,2493.702155204127
24.138400537999985,2492.8818873833034
24.162605891,2478.790538603862
24.187010098999963,2458.5923870214265
24.211569776999966,2443.028772608222
24.236137788000008,2442.200143914666
24.26093762299996,2419.3709353353643
24.285574019999956,2435.4210560908223
24.310356823999996,2421.033552131682
24.335141971999974,2420.804588298323
24.360241392999967,2390.493390266515
24.38527680300001,2396.6054480392163
24.410470234,2381.573196601182
24.435863145999974,2362.8640937307605
24.461363194,2352.936747410759
24.48690141899999,2349.419350797513
24.512605530999963,2334.2568690981084
24.538290787999983,2335.9703973354044
24.56405797299999,2328.5430674706927
24.589828334999993,2328.2560019914804
24.615709634999973,2318.2761298715795
24.641588955999964,2318.4534091918927
24.66760817400001,2305.987827916175
24.693697912999994,2299.7547043315935
24.720000725999967,2281.124836345935
24.746270101999983,2284.0283682400072
24.772469163999972,2290.1583270433375
24.798643278999975,2292.3411164042077
24.82487718499999,2287.1165277470977
24.851103695999996,2287.7614182073225
24.87746827999996,2275.780266439324
24.903930728999967,2267.363840738371
24.930619950999983,2248.0985020831363
24.957182869999997,2258.78789902451
24.984071416000006,2231.433414063349
25.010762564999993,2247.9361978770244
25.037675380999985,2229.421105543812
25.064461217999963,2239.9897378622572
25.091294086999994,2236.063538339086
25.118100287999994,2238.2880737185137
25.145115449000002,2220.975103571703
25.172170766999955,2217.6786094366184
25.19930889699998,2210.911363455886
25.226447914000005,2210.839102976566
25.253728857,2199.3374642516405
25.280961311999988,2203.2534341844457
25.308284286999992,2195.954137497506
25.335430126000006,2210.283498696441
25.362721955999973,2198.4601252489015
25.389898106999965,2207.818171161097
25.41715342599997,2201.4051642539303
25.444557078999992,2189.4891166499788
25.472074222000003,2180.458923369157
25.499570844999994,2182.086141997177
25.52732850999996,2161.5651028308966
25.554902892999962,2175.9326400883656
25.582796444999985,2151.0347624408005
25.61040426599999,2173.2971971961124
25.638159847999987,2161.727323894898
25.665921368,2161.264945146103
25.69381549299999,2150.9905759733956
25.72144612599999,2171.502911279577
25.749233167,2159.2799319645915
25.776957290999974,2164.180191953276
25.804962769999975,2142.4379136667585
25.833106219,2131.9348598653796
25.861492586999987,2113.6906278404786
25.889773536999996,2121.5694663715008
25.918175528999996,2112.5278818472234
25.94655710500001,2114.047507438199
25.97493003400001,2114.6917894871103
26.003209733999995,2121.66324253909
26.031683861999966,2107.17603011624
26.06013590699996,2108.811510737155
26.08874211899996,2097.4465266495495
26.11710655899998,2115.324681183937
26.145831783000006,2088.7565576492434
26.174555234999957,2088.8854167006552
26.203517334999958,2071.6729795145284
26.232479486999978,2071.669259934806
26.261465128999987,2069.9903766140824
26.290401602999964,2073.507642985386
26.319547245999956,2058.6267388238894
26.348463719999984,2074.9417788608375
26.377511185000003,2065.5847248618884
26.406263283999976,2086.804166890752
26.435120799999993,2079.181035539091
26.463865086,2087.3713822631876
26.492831717,2071.3489255962786
26.52178017099999,2072.6495446017857
26.550826072999996,2065.695876822324
26.579818797999962,2069.4846724503996
26.608840897999983,2067.3900234634416
26.638003937000008,2057.3987505193986
26.667389163999985,2041.8423175715468
26.696806735999985,2039.5972855951652
26.72631008899998,2033.6671564079215
26.755705940999974,2041.104302743588
26.78520148199999,2034.2057804589956
26.814676813999995,2035.600481107107
26.84446594999997,2014.1571074786114
26.874235919,2015.4538958351743
26.904167971999982,2004.5400828348284
26.93397007699997,2013.280605515121
26.964088016999995,1992.1681230505803
26.994319811999958,1984.6654821545599
27.02463473299997,1979.223366604667
27.05498486199997,1976.9273468327876
27.085384000999966,1973.740111521151
27.115361002999975,2001.5343762521923
27.145350191999967,2000.7209931558166
27.174199426999962,2079.7778519953536
27.203124650999996,2074.314100382768
27.23091997399996,2158.6365447193375
27.25890196299997,2144.2364229353343
27.285873530000003,2224.564853793184
27.31306890100001,2206.2578223326836
27.339285775999997,2288.6022838353483
27.365849319999995,2258.734753164107
27.391764475000002,2315.2475838938212
27.418183642999963,2271.0783322203038
27.443924993999985,2330.8799914949623
27.470279734999963,2276.6302275575968
27.496346347999975,2301.7950203186306
27.522783693999997,2269.51676616662
27.54862363899997,2321.986366459486
27.57475681599999,2295.932101939031
27.60001618499996,2375.356249005065
27.62553539999999,2351.1695010965927
27.650322891999963,2420.575667762802
27.675366269999984,2395.842925021946
27.69978120799999,2457.5118724439726
27.72468328299999,2409.437767736226
27.748935719999963,2473.978182071651
27.773773941,2415.6319407862056
27.797887625999977,2488.213643002416
27.822520585999996,2435.760866739222
27.846489477999967,2503.2446222409103
27.870862488,2461.7394404678644
27.895062789000008,2479.308005300479
27.919588664000003,2446.3958982100617
27.943442505000007,2515.3181829286236
27.967658846999996,2477.6657019474237
27.99153159399998,2513.3261790123747
28.01570574799996,2481.989648947022
28.039387086999966,2533.640517539289
28.06331702199998,2507.319806759564
28.086797838999985,2555.277356830618
28.110606835,2520.0558645969404
28.134070828999995,2557.1094162404247
28.15791081499998,2516.780001466403
28.18121694399997,2574.4300994825553
28.204803021999965,2543.873551169275
28.22812008799997,2573.2225486684
28.251560853,2559.643424603156
28.274707293000006,2592.191282978595
28.297993733999988,2576.6067043068697
28.32112444500001,2593.953986107211
28.344626094999967,2553.0122353157644
28.36771175399997,2599.0161251187205
28.391181894,2556.439799674218
28.414279010999962,2597.7268072069355
28.437629775000005,2569.5090747305176
28.460624392,2609.306343306935
28.48395911399996,2571.275543805761
28.506856906999985,2620.3398729270307
28.530011263999995,2591.304953965008
28.552850879000005,2627.014509656807
28.57611190299997,2579.4221269060095
28.59926808299997,2591.1009501566223
28.62273166099999,2557.1547527811613
28.645816433999983,2599.115876080585
28.669163551999986,2569.9103418242157
28.692097595000007,2616.198112122923
28.715259868999965,2590.4192308626043
28.73813276499999,2623.192096004684
28.76133858099996,2585.55872372992
28.78427465499999,2615.9664465646806
28.807321667999986,2603.3742420334893
28.830164459999992,2626.6491416629233
28.853146263999975,2610.7611047437827
28.875945253999987,2631.6955268618076
28.898889140999984,2615.075640845362
28.9216586,2635.1087217291993
28.94464467399996,2610.276117622603
28.96727407999998,2651.4173637586105
28.990130050000005,2625.134702221736
29.01271731999998,2656.3635180377655
29.03559339399999,2622.8276757617723
29.05803201699996,2673.960875410127
29.080755382000007,2640.4539996552257
29.10337567299996,2652.4857704140486
29.126232372000004,2625.050975203514
29.148878652999997,2649.4416456290796
29.171853685999963,2611.530525335421
29.194594289999998,2638.452347171984
29.217570728999988,2611.370717630615
29.240455085000008,2621.8784570536955
29.26365845199996,2585.8316165980054
29.286586505999992,2616.8814850101626
29.309611590999964,2605.85357231354
29.332311204999996,2643.2167524925476
29.35532373799998,2607.2749140669966
29.378106478000007,2633.572608032829
29.40098499999999,2622.547033415857
29.423718989999998,2639.2199521502357
29.44669881499999,2610.9859409294063
29.46942134599999,2640.550913980555
29.49236419099998,2615.1944102847597
29.515058961999955,2643.7808074848017
29.537928056999988,2623.6280884711027
29.560675535999962,2637.6549243134536
29.583569891999957,2620.733249715068
29.606079556999987,2665.521677018343
29.628899432999958,2629.2868550238954
29.651316649999956,2676.5142167293498
29.673994180999955,2645.790672714842
29.696589055000004,2655.469554725991
29.719166220999966,2657.552325216558
29.741683125999998,2664.6646153152624
29.76443164699998,2637.534106065428
29.787108241,2645.8999971491758
29.810034992,2617.030210691436
29.832783825999968,2637.4978163751334
29.85575885899999,2611.53052532896
29.87861524499999,2625.0869231906477
29.901514287999987,2620.196835300593
29.924264371999982,2637.352899444844
29.947082111999975,2629.5329861772834
29.969798497,2641.265324563617
29.992655351999986,2625.033059011654
30.01539132099998,2638.9902273358666
30.03833765600001,2614.7966548873646
30.06103383300001,2643.6170285418248
30.083915271999956,2622.2127026251496
30.106666345000008,2637.2382524491713
30.129660960999956,2609.30645678685
30.152291564999985,2651.277005241459
30.17515800299998,2623.932944869484
30.197664387999964,2665.910140612916
30.22045197099999,2633.012900048936
30.242963928999984,2665.250175040838
30.265818857,2625.254387148368
30.288383313999987,2659.049140869377
30.311227616999986,2626.475406143999
30.333729887000004,2666.3976567675895
30.35647335599998,2638.1199807321027
30.379225157999997,2637.1537515998702
30.402241024999967,2606.897233116582
30.425133243999994,2620.977896460265
30.44833692399999,2585.7967356908002
30.47105570599996,2640.9866514886
30.49405823899997,2608.4083870229897
30.51666727999998,2653.805616964215
30.539536270999974,2623.640019798477
30.562073331999954,2662.281474947123
30.584998103999965,2617.2561279987003
30.60757266600001,2657.8588767250367
30.630457645999968,2621.806966845074
30.65323158399997,2634.590469158179
30.676341514,2596.2865313705397
30.699213004,2623.35335389168
30.722446423999997,2582.4867798201108
30.74535999799997,2618.53519665127
30.768576698999993,2584.346501250895
30.79175115999999,2589.056979578047
30.815229321000004,2555.566426176393
30.838512376999972,2576.9813034887466
30.86213256999997,2540.1993963386244
30.885613855999964,2555.2263193770755
30.90931415299997,2531.613844332317
30.932728458999975,2562.5359128723853
30.956423235999978,2532.2036160117773
30.979776969,2569.1824086515044
31.003123201999983,2570.0077609968826
31.026223287999983,2597.3929274549623
31.049443946999986,2583.9059950878914
31.07230085399999,2625.027086997695
31.09554078499997,2581.7632591102506
31.118453733999957,2618.606622832883
31.141705538999986,2580.4448299787496
31.164702603999956,2609.0285869122104
31.187987429999964,2576.785413813216
31.21108506799999,2597.6682117858504
31.234432758999958,2569.8472709818907
31.257663522999962,2582.7820385067184
31.281226892000007,2546.325188044535
31.304479165999965,2580.3927822331743
31.328073265,2543.008741292001
31.35134283100001,2578.475249601698
31.374820940000006,2555.572086321402
31.39815618299997,2571.218135594127
31.421843251999974,2533.027619414978
31.44525313099996,2563.02050941993
31.468911918000003,2536.0556312496583
31.49213580700001,2583.5466230475163
31.515713602999995,2544.767119031888
31.539078013999983,2568.008241253295
31.562768935999998,2532.6156575908576
31.586015169000007,2581.063349058616
31.609687861999987,2534.565881458844
31.633088990999966,2563.97885760363
31.656894913999963,2520.3811673257114
31.68061812899998,2529.1681586983063
31.70456004199997,2506.0654092273926
31.728539455999965,2502.146215917139
31.752705381999988,2482.8347152905335
31.776485680000008,2523.097061271071
31.800689782000006,2478.9186560196704
31.824532164000004,2516.527081899998
31.84860720399996,2492.207697271001
31.872568752999996,2504.0117398050184
31.89658868800001,2497.925160911913
31.920403412999974,2519.4496262327875
31.94432641999998,2508.045915799002
31.968028436999987,2531.4301310300793
31.99196399599998,2506.730676313582
32.015653147999956,2532.80488892404
32.039455112999974,2520.800278462466
32.063252285999965,2521.307888126962
32.08741925300001,2482.7277663720006
32.111472625999966,2494.4526491192682
32.135720322,2474.4619035112228
32.15966254799997,2506.0326470924074
32.18397368299998,2468.0048874718454
32.20802273300001,2494.9010459840943
32.23231261699999,2470.1641226462757
32.256351405999965,2495.9659989554957
32.28060545699998,2473.813549743315
32.30470362199998,2489.8161333032963
32.329058402999976,2463.581996487717
32.35337917300001,2467.027154153551
32.37818062299999,2419.2133927669015
32.40271379000001,2445.6687552798244
32.42753013599997,2417.7612610689057
32.451834604,2468.681890092702
32.476566418000004,2426.025038033407
32.50087604199996,2468.1582899065934
32.525661189999994,2420.804588292771
32.55009024200001,2456.0920333691174
32.57463283599998,2444.7293550176037
32.59898016899996,2464.3356214846576
32.62385396299999,2412.177249676044
32.648375568000006,2446.8218944051873
32.67340951899996,2396.7451242557827
32.69799107199998,2440.8547336270626
32.72266996899998,2431.2269709621633
32.746980479,2468.0683375194053
32.771762136999996,2421.145510119315
32.79633118999999,2442.0965675810235
32.82136258899999,2396.989477096393
32.84600867299997,2434.463828007814
32.87101824999996,2399.0809600666216
32.89553292699998,2447.5133814721453
32.92053875299996,2399.4408343095806
32.945270359000006,2426.045441605733
32.97032212299996,2395.040924068634
32.994891748999976,2442.039614276636
33.019666219999976,2421.8478771957825
33.04403959399997,2461.702676043885
33.06869234499999,2433.8054604921504
33.09332280499996,2436.0080972939877
33.11841956899997,2390.74647233297
33.143144925,2426.6586899666736
33.16816710500001,2397.87260742196
33.19290699300001,2425.2332912744814
33.218127143000004,2379.050084952333
33.243015051999976,2410.8092005667445
33.268335098999955,2369.6638477822776
33.29339712299998,2394.0604318289747
33.31890961900001,2351.788707773725
33.34421029099997,2371.478512511472
33.369827267000005,2342.1968307231923
33.395250804,2360.017805548165
33.42101673899998,2328.656033636802
33.446239023999965,2378.8487046291907
33.47183219799996,2344.3751056439783
33.49694656599996,2389.0706706213027
33.52244999999999,2352.624356387891
33.54769145199998,2377.042334966567
33.57327254299997,2345.482450299641
33.59836623399997,2391.039245681788
33.62393039699998,2347.035574760265
33.649324974999956,2362.709079082087
33.674932211,2343.0877116102015
33.70016288299996,2378.0579447145196
33.72586506699997,2334.4319688931914
33.751454803,2344.6900741739573
33.77766391799997,2289.279893657771
33.80339995700001,2331.3610925097414
33.82961865499999,2288.4431561035767
33.855471412999975,2320.8355565017414
33.881924226999956,2268.1896905199887
33.90787344500001,2312.208406429929
33.934180423999976,2280.763595092794
33.95984536899999,2337.819153711831
33.985946098,2298.7863672307712
34.01140833299996,2356.4310045872176
34.037104736,2334.9571533379863
34.062425512000004,2369.5956237675255
34.088082697000004,2338.526225694671
34.11367227599999,2344.7044595785424
34.13981394299998,2295.186454636662
34.16553878399998,2332.375931886332
34.19145065699996,2315.5408333483583
34.216849298,2362.3311184212694
34.24232752299997,2354.952120882271
34.26750433999996,2383.144779581517
34.29300147099997,2353.2059352081405
34.31814844399997,2385.973055285312
34.343733491999956,2345.1196964743544
34.368948485999965,2379.5365567002486
34.394827858999975,2318.448750670212
34.420735826,2315.8899345497107
34.447130775999995,2273.1621010840145
34.47326452499999,2295.881849940826
34.49992353799996,2250.645963527028
34.52610400699996,2291.7847652006753
34.55242437199996,2279.603645313871
34.57823973500001,2324.197416859313
34.604440411999974,2290.0171625368603
34.63041113999998,2310.293342565907
34.65662244199996,2289.0888823473383
34.68238832499998,2328.6607332632225
34.70874796099997,2276.2074559759126
34.734885512999995,2295.547800342874
34.761435878999976,2259.855852836202
34.78741061799997,2309.9365887764816
34.81382270199998,2271.687459420727
34.839848222,2305.429440024894
34.86632525499999,2266.114938181264
34.892398378999985,2301.2202143485656
34.91898484000001,2256.787768780132
34.945169475,2291.420140094239
34.97183020699998,2250.5008489654488
34.99814463499996,2280.117964184914
35.025038961999996,2230.9537621045097
35.05130891099998,2283.9785490273143
35.077978965,2249.7142300481114
35.104192454999975,2288.8978155925456
35.13086698899997,2249.336389532158
35.15693927999996,2301.293737478613
35.18337443799999,2269.7046108042787
35.209312300999954,2313.220638110221
35.23577214599999,2267.586979437106
35.26175344699999,2309.3531767326144
35.288117874999955,2275.7937323760248
35.31411865499996,2307.623078999588
35.34062574000001,2263.5457652129785
35.366577509999956,2311.9810325121357
35.39300303199997,2270.532252871872
35.41894500999996,2312.853707609316
35.44540714699997,2267.3905739350284
35.47147766699999,2301.450066970532
35.49801735599999,2260.7649999211517
35.52419105399997,2292.3776380413183
35.55097496399998,2240.1508965638895
35.577126109000005,2294.354606650481
35.603724236999994,2255.797851639199
35.629928559999996,2289.6985356193322
35.65637637399999,2268.6184952757985
35.68238017499999,2307.3549901414863
35.70874345699997,2275.8926601040116
35.734545954,2325.356340509681
35.76088444499999,2278.0348350261543
35.78660246300001,2332.994712110093
35.81284912999996,2286.004542980957
35.83861615899997,2328.557165049249
35.86495089900001,2278.359307891873
35.89079844899999,2321.3031796067903
35.916898188000005,2298.873563446776
35.94264136199996,2330.7149304939007
35.968729902999996,2299.860310314718
35.99443838999997,2333.8596316484795
36.02064104599998,2289.844205105707
36.04646015899999,2323.859847546798
36.072836306,2274.7825904967294
36.09867807399996,2321.8225626080975
36.12498666900001,2280.6234996545927
36.150738228999955,2329.955932771633
36.17705406299996,2279.9961422463703
36.20284213299999,2326.6572488721986
36.22924880099998,2272.1533818661387
36.255096038999966,2321.3311998767313
36.28131359099996,2288.5431866415147
36.30694525399997,2340.85474672361
36.333046556,2298.735902137488
36.35837962299996,2368.445952481326
36.38421107900001,2322.749441606669
36.40943128199996,2379.0450854073983
36.43514518500001,2333.36806162317
36.46027908499997,2387.214081384163
36.485985228000004,2334.072443303352
36.511119597000004,2387.1695366611466
36.536710321999976,2344.599459376981
36.561830472,2388.5207691813407
36.587410573,2345.573225062464
36.612248013,2415.7078990428445
36.63750498600001,2375.5815869135176
36.66211304999996,2438.225128158158
36.68708179199996,2403.0045246173486
36.71156730299998,2450.428745389202
36.73637578399996,2418.5277607302687
36.760637230999976,2473.0594180950225
36.785336857000004,2429.18657958344
36.809502417999965,2482.8722163783605
36.834112721,2438.0033029225065
36.85817604199997,2493.4214192659115
36.882566499999996,2459.9784063067664
36.90636429799997,2521.2416711857863
36.93064616199996,2470.9799873695492
36.95464750299999,2499.8603203014627
36.97904426299999,2459.3429619340977
37.002884978,2516.7030435113033
37.027189185,2468.7084009776445
37.05086370199996,2534.3706061711546
37.07490723000001,2495.4740419074906
37.09844200599997,2549.4187835097796
37.12227787799998,2517.214390142039
37.14564358999996,2567.865254867283
37.16933904399997,2532.1312687229283
37.19250709900001,2589.772857492414
37.21596947799998,2557.28543128926
37.238873780999995,2619.595104027033
37.26218938899996,2573.383460559922
37.28499009799998,2631.4971170387166
37.30804716299997,2602.2392702639513
37.330775735999964,2639.848968961384
37.353634414,2624.8237102736357
37.37623012099999,2655.3716597589555
37.39906265299999,2627.8294496647245
37.421564090000004,2666.496366430082
37.44428875699998,2640.3027159896405
37.466526440999985,2698.122700187201
37.48912553399998,2654.9738080200364
37.51135915699996,2698.6155157916623
