17.635902326000007,3.4021508449581312
17.79743578900002,371.4400650222891
17.89301823400001,627.7303326987053
17.972730845,752.7039855714537
18.043457672999978,848.3343831002828
18.10559747100001,965.5647738019469
18.16352562899999,1035.765715181538
18.217405638000002,1113.585560091274
18.269075789999988,1161.2119894676666
18.31798358200001,1226.7983801021346
18.364557296999976,1288.2803100427898
18.408475580000015,1366.1736275060346
18.45094307300002,1412.8453497359667
18.491984410999976,1461.9406414104521
18.531741522999994,1509.1639453080213
18.57032102400001,1555.2300689419599
18.60754234000001,1611.9795441945098
18.643702399000006,1659.289328040244
18.679069589999983,1696.4875723389541
18.71343349199998,1746.0182490337636
18.747112442999992,1781.5281717051323
18.78001675400003,1823.4692712432093
18.812117466000018,1869.1174201999968
18.84362994600002,1904.0075551017667
18.874581329000023,1938.524039458825
18.905050365000022,1969.2122848914871
18.934768458000008,2018.9720787275776
18.964056965999987,2048.585062784443
18.992739898000025,2091.8363575913613
19.02097261800003,2125.1937468295105
19.04878044100002,2157.666207815813
19.076126853999995,2194.0720342391674
19.103237639999975,2213.141293655
19.129936601999987,2247.278377338174
19.15612925800002,2290.7184364930554
19.182171444999994,2303.9539651589857
19.207823264000012,2339.0154125116096
19.23332987499998,2352.331323046924
19.258619296000006,2372.5335585951448
19.283495329999994,2411.960041541585
19.30840678100003,2408.530920174478
19.33323885599998,2416.2298156767984
19.357613741000023,2461.5500750011474
19.381724196999983,2488.5468777570973
19.405755122000016,2496.782791337242
19.429533493000008,2523.3015331462766
19.45279837100003,2578.994826448148
19.47589580099998,2597.691604655984
19.49893375099998,2604.3983948221576
19.52166383399998,2639.6735990802413
19.54433766699998,2646.22218925238
19.566937698000004,2654.8636150072075
19.589288925000005,2684.41638573113
19.611579995,2691.6608309971357
19.63389023299999,2689.348271409319
19.655942239000012,2720.840906715458
19.678147475999992,2702.0652830705535
19.70002677299999,2742.3184574899788
19.721800184000017,2755.6545917370036
19.743694117000018,2740.485229401073
19.765135962999977,2798.2665298554075
19.786455881999984,2814.269603931456
19.807884082999976,2800.048403504449
19.828955511000004,2847.4577043341224
19.850013031999993,2849.3382483166884
19.870864041999994,2877.558449206848
19.891569946999994,2897.7241033415626
19.912161372000014,2913.8342781007223
19.93248742999998,2951.8758629980803
19.95279515599998,2954.5405526942814
19.972872723000023,2988.4099004560026
19.992990759999998,2982.398332405661
20.013134837999985,2978.5428749848215
20.033149906000006,2997.7415015496417
20.053236223,2987.1080895526875
20.072980090999977,3038.9182099509403
20.093034638000006,2991.840204613566
20.112756214,3042.353207472642
20.132415185000013,3052.041737075742
20.15213379200003,3042.811289862017
20.171653961000004,3073.7438799877805
20.19118168199998,3072.555164019317
20.210444869000014,3114.7493921898526
20.229791755999997,3101.274122294285
20.248957234999978,3130.628772704398
20.268086514999993,3136.5529701040064
20.287061212000026,3162.105829668644
20.306084397999996,3154.0458049506005
20.324892009999985,3190.1976710299327
20.34365113299998,3198.44376520241
20.362397911000016,3200.549982502831
20.38082083400002,3256.8121790440555
20.399422559000016,3225.5073118225205
20.41772459499998,3278.323788681853
20.43632673799999,3225.434832963545
20.45446997099998,3307.018104217441
20.473013675000004,3235.599532861556
20.491160815,3306.306117658866
20.50977420700002,3223.4855420191466
20.527857283000003,3318.0195670282646
20.546258174000002,3260.7116687992825
20.56426161500002,3332.6962328999707
20.582351878999987,3316.701182476571
20.60016740200001,3367.8494872094475
20.618245062000028,3319.0136333985097
20.635982927999976,3382.5940505006124
20.653850587000022,3358.022447140066
20.671507202999976,3398.1596473614704
20.68928059000001,3375.833767637298
20.706925747000014,3400.3664574923496
20.724659968000026,3383.2892913626965
20.742068404999998,3446.6046549783305
20.75964241600002,3414.132379906041
20.776892257999975,3478.2927287191624
20.794285382999988,3449.638865928777
20.811522673000013,3480.8255822064402
20.82895397499999,3442.0836722396525
20.846078972999976,3503.6500442248325
20.863334441000006,3477.158660657284
20.880549959999996,3485.2274857374537
20.897866625999995,3464.8702007651223
20.91492407100003,3517.5256317624785
20.93223302900003,3466.4131717227915
20.94905344199998,3567.094339490072
20.966187553999987,3501.7863779559907
20.983012289999976,3566.1777991664885
20.99986645299998,3559.9513307176567
21.01659748999998,3586.149501671748
21.033481185000028,3553.7244661096747
21.050189357000022,3591.057118637566
21.067096488999994,3548.7982231463443
21.083705182000017,3612.566021896831
21.100474709000025,3577.9184469526767
21.117101005999984,3608.741020333439
21.133682720000024,3618.4437869242884
21.150145995000003,3644.475354999495
21.166619374999982,3642.2397832184333
21.183099733000006,3640.697611053898
21.199500924999995,3658.2706915472336
21.215939876999983,3649.867704464772
21.23226148499998,3676.108383439056
21.362788357,459.6754605441818
21.37846141900002,3828.224503924471
21.394584328000008,3721.4128046024452
21.410541975,3759.9528301399932
21.914645086000007,119.02326863441883
21.933990358000017,3101.5330257424303
21.945468446999996,5227.350998943151
21.95326609800003,7694.624958176398
21.962863603000017,6251.624771237484
21.980319176000023,3437.297647002334
21.983462632,19.08727209812155
21.995033950999982,5185.234284880074
21.99789178100002,20.994950714066466
22.006741051999995,6780.2195231873275
22.00870189699998,30.599052959544103
22.168005660000006,376.6389372735059
22.172397665000005,13.661186633440561
22.187079315000005,4086.7341204837358
22.26592025399998,761.0259436410264
22.280217111000013,4196.7265952131675
22.29501907399998,4053.516415365279
22.30948801400001,4146.813795611866
22.324074664000022,4113.350220917669
22.338753500999985,4087.5172876538313
22.353210358000013,4150.2796907990605
22.36785742500001,4096.383255433056
22.39695863999998,2061.769585911255
22.440593639999975,1375.0429700929806
22.59209105399998,396.0463641973324
22.607484010000007,3897.886799643378
22.654499498999996,1276.1751770786448
22.806542906000004,394.62414835256163
22.844345214999976,1587.2046334536135
22.859444107,3973.8015213233584
22.861241670000027,33.37852414583658
22.863922779999996,22.378790874187274
22.923685480000017,1003.9707041344906
22.939815367999984,3719.802642158793
22.95573301500002,3769.4013442978494
22.98770596600002,1876.5862431653443
22.991374998000026,16.353087135768142
22.991975314,99.94736106067091
23.00394054200001,5014.530437694863
23.02028991000003,3669.866627255625
23.036776727000017,3639.271303857485
23.069850883000015,1814.1052488233981
23.085436861000005,3849.6140569451754
23.10184117800003,3657.5737959655303
23.118274453000026,3651.128579057458
23.13478236399999,3634.621000812074
23.151813247000007,3523.011695866636
23.168566680000026,3581.355534709243
23.185371780000025,3570.3447167825902
23.202357715000005,3532.3342518425825
23.219183649,3565.923888683571
23.236345366000023,3496.15367739276
23.253051923999976,3591.4040462534967
23.273280012999976,2966.1724347762565
23.287914839999985,4099.809311033419
23.304254000000014,3672.159401088641
23.33819889,1767.5709068441151
23.35497497900002,3576.51893715723
23.373034254000004,3322.3925102226494
23.390570868999987,3421.412855334831
23.425607952999997,1712.4712775750277
23.44277404500002,3495.2626375247673
23.46076347500002,3335.291890849222
23.490938341999993,1988.4097583614046
23.554854244000012,938.7335251872358
23.573164717999987,3276.8130415456385
23.586311410999997,4563.885381666226
23.66604126200002,752.5412282531605
23.678109355000004,4971.788003298356
23.700408498,2690.6863640457223
23.71475134399998,4183.270182228616
23.753241521999996,1558.8392446502153
23.75548913900002,26.69493957350435
23.777129996999975,2772.5333256252707
23.808277213999986,1926.3358264071474
23.827712851,3087.1126065975373
23.84697754900003,3114.5050911210496
23.854813793999995,7656.728445865574
23.857383079999977,23.352791398239056
23.887204091,2012.0042207808283
23.88889842399999,35.4121651413208
23.891427189000012,23.726997170346312
23.916865570000027,2358.640669780233
23.932425819000002,3855.979425528217
23.961330730999975,2075.771758103113
23.978625573999977,3469.2422475296967
23.981451841000023,21.22941675327445
24.05609259900001,803.8503574683767
24.073438692000025,3458.992177659216
24.21184363200001,433.5105379909544
24.224331467000013,4804.675910595529
24.22684408600003,23.879466007237706
24.227273672000024,139.6693560791257
24.236883884999997,6243.357977618717
24.25290684600003,3744.626227316969
24.254811648999976,31.49932040306636
24.35440427399999,602.4542479926766
24.37859973100001,2479.804369884525
24.37909890000003,120.19977201569358
24.38325194600003,14.44722740851282
24.384048043999996,75.36760549896732
24.385911806000024,32.19295167468193
24.407913291,2727.0886487919493
24.43024858000001,2686.3319297085964
24.452910746999976,2647.584407973608
24.47550155900001,2655.9470283721216
24.49853706099998,2604.6751661881094
24.521319697000024,2633.584629973532
24.537496250999993,3709.0717837751004
24.54200362199998,13.311529048785959
24.544283844000006,26.313227395998
24.544714992000024,139.16334993424945
24.564939643999992,2966.6765094448174
24.56733846100002,25.012328993541516
24.56777424400002,137.68320471416047
24.588220981000006,2934.453551196983
24.589043693999997,72.929441981179
24.606698956000002,3398.420255671213
24.607074270999988,159.86571280754197
24.611457734,13.687808018421782
24.613605299000028,27.938618853989617
24.615003640999987,42.907958140253214
24.630035657000008,3991.4805838363845
24.63484323800003,12.480288943590526
24.636263767999992,42.23775633152334
24.636815021000018,108.84294506727248
24.640844002999984,14.892099294688007
24.65351235999998,4736.210070494656
24.654118562000008,98.97690868253555
24.65838093100001,14.076678954816229
24.66037875500001,30.032675550998935
24.67669453000002,3677.4226170662914
24.693092492000005,3658.9912819687524
24.701177175999987,7421.440343262912
24.70176150200001,102.68240673460285
24.706137361000003,13.711593540857464
24.70717299300003,57.93563736782961
24.708197738000024,58.55115175022386
