0.04685189399999956,1280.631259005251
0.08355591499999981,1634.6982800603669
0.1206546779999993,1617.3045985387935
0.1581946409999997,1598.2967271438004
0.19556132299999973,1605.7085293256687
0.2330242019999993,1601.5853987089647
0.2704111959999995,1604.8361630785196
0.3080592849999988,1593.7063897187759
0.345512789999999,1601.9862493510193
0.38278858499999835,1609.6236176854463
0.4203829759999991,1595.9827624285454
0.45832924399999975,1581.1831614112602
0.49584884299999743,1599.1642128159126
0.5332177639999998,1605.6123215330797
0.5709444989999994,1590.3841135470777
0.6088049329999983,1584.767887235573
0.6466651070000005,1584.778770430282
0.6844543949999995,1587.7515342443482
0.7225554549999984,1574.7593374043063
0.7611304249999975,1555.412745622392
0.7993076839999986,1571.6162336326508
0.8371490030000004,1585.5684100228432
0.8751454279999997,1579.0959281037901
0.9136081569999988,1559.9517132547073
0.9515769249999977,1580.2461644265543
0.9892951709999984,1590.742050942635
1.026883625,1596.234843816602
1.0646698919999977,1587.8784744733728
1.1020107390000007,1606.8194703777142
1.1392066899999982,1613.0787998942149
1.1766866539999974,1600.8553263285226
1.2147063070000002,1578.1311838904905
1.2527457009999985,1577.3121937747646
1.2911327529999994,1563.0270331777122
1.3291436039999986,1578.496624556004
1.3667232039999995,1596.6109272051508
1.4043804069999979,1593.3206722762316
1.4424149570000004,1577.5130769260047
1.4796775750000002,1610.1928211270717
1.5168477449999997,1614.197621372211
1.5538222359999985,1622.74039147698
1.5909288639999986,1616.9617999242578
1.6276831449999989,1632.4628959548809
1.6642801869999992,1639.4767642696208
1.7011296769999973,1628.2450584798646
1.7382002629999995,1618.5338963888075
1.774961575999999,1632.1506253054886
1.8117306489999976,1631.8061649256804
1.8481985230000006,1645.2837365840126
1.8849991069999987,1630.4089087282725
1.9216339609999977,1637.7846080675426
1.9584430349999984,1630.03285548555
1.9947488239999984,1652.6290063548804
2.0310278430000004,1653.8484681737605
2.067232485999998,1657.2460057126823
2.103532338000001,1652.8993010769204
2.1396765639999984,1660.0161807311645
2.175638079999999,1668.4502399731787
2.2119401719999985,1652.7973098630387
2.2481854400000003,1655.3885047834926
2.2845225320000004,1651.2053303549935
2.3208853529999978,1650.036997954708
2.3571619229999996,1653.9601180595894
2.393452191999998,1653.3357743918236
2.4297553249999986,1652.749915551341
2.4661446569999974,1648.834883806109
2.502301069999998,1659.4566501936786
2.538425609000001,1660.920849398111
2.5746702520000007,1655.4170501831193
2.611308230999999,1637.6449148574197
2.647845114999999,1642.1761636816004
2.684497885999999,1636.9840086579004
2.7209622699999976,1645.4412064112323
2.7578573340000005,1626.2337964773596
2.7942615089999983,1648.1626077229816
2.830843185999999,1640.165375687902
2.867696531,1628.0747378561884
2.905073211999998,1605.2789705967614
2.9427823429999975,1591.1265629536897
2.9808312159999986,1576.9192427854134
3.0185719619999993,1589.793694062083
3.056006663999998,1602.790907751903
3.093876785999999,1584.3624691781642
3.1324349849999997,1556.0892768876242
3.171002401999999,1555.7173559225103
3.2099154989999974,1541.89732058599
3.2483072899999996,1562.834096486838
3.2864504869999998,1573.019692082963
3.3247587880000005,1566.2401733764932
3.363312142999998,1556.284790260241
3.401290077999999,1579.8647293487368
3.4388076450000007,1599.250825619823
3.4762860459999985,1600.922088431776
3.5139291869999987,1593.9158743421453
3.5512398259999998,1608.120407693855
3.5885784869999995,1606.9135419719646
3.625926677999999,1606.5035117765344
3.6634487249999985,1599.0598807149513
3.7007097279999996,1610.2626115565968
3.737877762,1614.2903872720105
3.775159130999999,1609.3829601590578
3.812749875999998,1596.1375599233584
3.8498768159999983,1616.0771666073088
3.886828338000001,1623.7490840024375
3.9236763179999983,1628.311782627003
3.960678569999999,1621.5229278477154
3.997291913999998,1638.7467913338203
4.033635724,1650.900112013493
4.069966148999999,1651.5083432137492
4.106226469999999,1654.7012918059793
4.142196423999998,1668.058847114516
4.178089502999999,1671.6314585326722
4.214229196999998,1660.224350543792
4.250198734999998,1668.0781387851112
4.286108115999998,1670.8725778369846
4.3220497879999975,1669.3714193374258
4.357951304,1671.2386184470736
4.393797298999999,1673.8271597706168
4.429651679999999,1673.4356674572048
4.465834655999998,1658.2383936578717
4.501897683999999,1663.7538034797974
4.537932273999999,1665.066814968624
4.574167280999998,1655.8572763626812
4.610766927,1639.3601184010265
4.646968183999999,1657.4010123461399
4.683213139999999,1655.4027545239271
4.719673514,1645.6221760094638
4.756391806,1634.062935171396
4.792953221999998,1641.0742953720264
4.829506617,1641.434400279278
4.866040740999999,1642.3002232105325
4.903058565999999,1620.840770628766
4.939749773999999,1635.2691358648929
4.976697495,1623.9161273302605
5.013353026000001,1636.8607509736642
5.050571007999999,1612.123945892701
5.0879499290000005,1605.1827713271034
5.125655778999999,1591.2650159060931
5.163027147999998,1605.507146393323
5.200335755999998,1608.2079502939366
5.237725769999997,1604.706540093849
5.275416932999999,1591.8850792690423
5.312850384999997,1602.8444290952011
5.350263680999998,1603.7079438282933
5.387565883000001,1608.4841318481774
5.424921158,1606.1988567879866
5.462190077999999,1609.920545054746
5.499728738999998,1598.3521628542157
5.537210160999997,1600.7930542230104
5.574845853999999,1594.2313059041212
5.612538005999998,1591.8433099814217
5.650346772999999,1586.933527877221
5.688061425000001,1590.8936399571485
5.725873316999998,1586.8023742373096
5.7633733330000005,1599.9993173335074
5.800758815999998,1604.9010253526367
5.838264820999999,1599.7438276883545
5.876077337999998,1586.7761461106015
5.913517145,1602.5723636875825
5.950796898,1609.452723573572
5.987932431999997,1615.7031699074112
6.025275310999998,1606.7320358454183
6.062351469999999,1618.2906109556166
6.098906895999999,1641.3432030582994
6.135408416000001,1643.7671636687278
6.171884987999999,1644.8914113969731
6.208337444999998,1645.9795837630672
6.244906257,1640.7423899905814
6.281635902999998,1633.5578077720572
6.318782531,1615.2206332159292
6.355881866000001,1617.2796628295089
6.393076827999998,1613.1216910506378
6.430635801999998,1597.4877269011865
6.4684791,1585.4854933625686
6.505932604999998,1601.9862493510952
6.543146524999997,1612.299913580758
6.580595341999999,1602.1867927095755
6.618395879999998,1587.278995870416
6.655800113999998,1604.0964774201655
6.692955699999999,1614.831212727979
6.7299712330000006,1620.9411330102212
6.766871661,1625.9974003553937
6.803776672999998,1625.7954339644375
6.840769080999998,1621.9544291358511
6.877667165999998,1626.1006499388484
6.914975356999999,1608.2259255078413
6.9519091710000005,1624.5275941444409
6.989143819999999,1611.402325828359
7.026483366000001,1606.8754558503997
7.063813432,1607.2835231526628
7.10132501,1599.506157805458
7.1389545059999975,1594.4938513129193
7.176468114999999,1599.4195599788343
7.213662763999999,1613.1352657743898
7.251120069999999,1601.8236869464001
7.288729513,1595.344020383353
7.326221871999998,1600.3260824426425
7.36405564,1585.8848634901078
7.401698624999998,1593.9224798459327
7.439297494999998,1595.7926395128338
7.476614175999998,1607.8600344977058
7.514078304999998,1601.531961413011
7.551419204999998,1606.8171897302857
7.5888069799999975,1604.8026393654452
7.626025378999998,1612.1058834368303
7.663145601,1616.3696434788683
7.700155874,1621.1715055438829
7.737405261999999,1610.7647191411866
7.774348763999999,1624.10158084094
7.811184191999999,1628.86664436206
7.847932119999999,1632.7451169491571
7.884620411,1635.3991522799104
7.921345213999999,1633.7732294983991
7.958222412999998,1627.0216184260987
7.995159299999997,1624.3924400018
8.032181603999998,1620.6446794883161
8.068942030999999,1632.189963408169
8.105646312999998,1634.6866559057614
8.142386479999999,1633.0900183441668
8.179534565999997,1615.1572385183604
8.216191243,1636.8095776928828
8.253160994999998,1622.948403873637
8.290002621,1628.5926142347316
8.327212112999998,1612.4917803232022
8.364349679,1615.6147659218389
8.401393702,1619.6944916052996
8.438339598999999,1623.9962992372793
8.475437789,1617.3295786127862
8.51254775,1616.8165738574078
8.549673284,1616.1383698884463
8.586739495,1618.7249352247388
8.623947894,1612.539147411283
8.661292022999998,1606.67825456591
8.698804641999999,1599.461770451121
8.736245542999999,1602.5255375131028
8.773544983999997,1608.6031959568184
8.810850154,1608.3561608215334
8.848226419,1605.2968374448799
8.885242577,1620.9137641999416
8.922313579,1618.5157336723234
8.958812235,1643.8961478472365
8.995566256,1632.47444408871
9.032346110999999,1631.3278015914354
9.06950753,1614.57774257758
9.106341707999999,1628.921921374244
9.143228281999999,1626.6080986539807
9.180196679999998,1623.007845782268
9.217496485999998,1608.58745485164
9.254605249,1616.868770322409
9.29172922,1616.2064128323016
9.328555481999999,1629.2720667659125
9.36490924,1650.4483525471828
9.39995648,1711.9750371212858
9.433169699,1806.509630999617
9.465615100999997,1849.2604899765374
9.496751536999998,1927.002820746692
9.527563438999998,1947.2994559050624
9.557697785999999,1991.0834636635323
9.587435879999997,2017.61417527304
9.616393812999998,2071.971089925447
9.645465705,2063.849163996545
9.674347856,2077.4076002856373
9.702089479999998,2162.814981560054
9.728865108999997,2240.8437165006026
9.755096098,2287.370865048044
9.780563386,2355.9634618337213
9.805488742999998,2407.187186928024
9.829784876999998,2469.5286912724387
9.853749915999998,2503.647083570349
9.877213754,2557.1264172552
9.900704363,2554.212196031237
9.923452518999998,2637.5764259750754
9.94617203,2640.901910256574
9.968714456,2661.6478634552036
9.991054329,2685.780711466002
10.013215814999999,2707.3996752747125
10.035479072999998,2695.023342944825
10.057579360999998,2714.8967470468247
10.079779233,2702.718285943073
10.101978583999998,2702.7817164567787
10.124097205999998,2712.6463845712497
10.146294785999999,2702.9973537655574
10.168583617,2691.931218824244
10.190749737999997,2706.8335501735105
10.21306607,2688.6138815282457
10.235338234,2693.9456803568414
10.257693784,2683.8972872507766
10.280050948,2683.7035323443984
10.302387330999998,2686.2003575065305
10.324955590999998,2658.6010618452765
10.347337807999999,2680.699592895492
10.369838723,2666.5582266318856
10.392413545,2657.828265489842
10.415069669999998,2648.2904733270448
10.437546679,2669.394313095326
10.460012907,2670.6752909301345
10.482588666999998,2657.717835413
10.505176248999998,2656.326825952433
10.527725497999999,2660.842496350896
10.550184278,2671.5609663569257
10.572805871,2652.333104923222
10.595400120999997,2655.5428925504043
10.617896922,2667.04586132015
10.640281898999998,2680.369070739069
10.662692397,2677.3166754256163
10.684743569999998,2720.9436885741293
10.706934743999998,2703.7776370011384
10.728944510999998,2726.06247944377
10.751040631999999,2715.408736221096
10.772684250999998,2772.1796433398254
10.794527662,2746.8237446977964
10.815987478,2795.9233201253746
10.837666460999998,2767.6575049672283
10.85889539,2826.331936010133
10.880518227,2774.844022549079
10.901636842999999,2841.095268743127
10.922824000999999,2831.9041185231113
10.943913344999999,2845.0387076999705
10.964923417999998,2855.773038009047
10.985984897999998,2848.8026482469163
11.006990544,2856.374900347875
11.028034002999998,2851.242279133223
11.049036263999998,2856.8352712120472
11.070176859,2838.141499801404
11.090964377999999,2886.3473317813095
11.111769554999999,2883.8975991408665
11.132653897999997,2872.965647040158
11.153555377,2870.6102568144825
11.174462219999999,2869.8737537754255
11.195297656999998,2879.7092184821217
11.216192676999999,2871.4976104352545
11.237103739999998,2869.2945930104374
11.258002353999998,2871.003790012098
11.278887009999998,2872.922589675436
11.299807186999999,2868.0445676916584
11.320641945999999,2879.8029293260042
11.341369829999998,2894.651475278511
11.362221204999997,2877.508078004524
11.383090183,2875.0808975883606
11.40382838,2893.2119798071144
11.424507826,2901.431692125735
11.445197063999998,2900.0584748458236
11.465910729,2896.6385234092136
11.486274860999998,2946.356859207531
11.506763368999998,2928.4709262383053
11.527552087,2886.1808602143624
11.547981896,2936.885019336283
11.567866494,3017.410761836744
11.588027967999999,2975.9728876968643
11.608308088999998,2958.56222948586
11.628429875999998,2981.842517267362
11.648524371,2985.892404859817
11.668611782,2986.9454057570674
11.688568464,3006.511803916085
11.708509728,3008.8363505944485
11.728478128999999,3004.7473505765647
11.748303871999997,3026.3682929817487
11.768131020999999,3026.1536845260425
11.787980411,3022.762916139845
11.807249431999999,3113.806352694388
11.826723923,3080.953438012767
11.846196174,3081.307857011525
11.865471028999998,3112.8638840605026
11.884789165,3105.889719380385
11.904014539999999,3120.875405551619
11.923138456,3137.4327308274565
11.942221746999998,3144.1117782046867
11.961247745999998,3153.579478270739
11.980096712999998,3183.1983153240776
11.99893771,3184.5448518459393
12.017698551999999,3198.150701338638
12.036341944,3218.29847272405
12.055056847,3206.0011211387055
12.073786645999999,3203.4513557781934
12.092594571,3190.144580010678
12.110910722,3275.797409619431
12.129623333999998,3206.3936344111753
12.147809223,3299.261311888301
12.166187092999998,3264.79619237732
12.184379389,3298.0993712938985
12.202562206,3299.818724458449
12.220713407999998,3305.5662098854305
12.23891086,3297.164899788804
12.256837426,3346.9879284186636
12.274860554,3329.055866440167
12.292791389999998,3346.1908859133528
12.310602642,3368.6570713836127
12.328334049999999,3383.826033443124
12.346110354,3375.279810695997
12.363918688999998,3369.2088564150836
12.381647493,3384.3230485258573
12.399202702,3417.78898787228
12.416849318,3400.0853194742076
12.434331713999999,3432.0238484476426
12.451826505,3429.5922712078977
12.469356088999998,3422.7851613595585
12.486730567999999,3453.3409606122477
12.504103795999999,3453.5896265218516
12.521405618,3467.8428664911107
12.538592386999998,3491.0575687614855
12.555778531999998,3491.1843231858843
12.572962645,3491.597151391584
12.590090247,3503.1173657587788
12.606756178999998,3600.1586949955645
12.623583883999999,3565.5485997643373
12.640362474,3575.9858247919224
12.656988614,3608.775097527229
12.673589233999998,3614.322838544933
12.690218343999998,3608.130561407026
12.706783910999999,3621.9708024480888
12.723400886,3610.765497329945
12.739850775,3647.4410252858484
12.756307487999997,3645.92856422861
12.772811545,3635.4697514672584
12.789409507999999,3614.9014189273853
12.805665491,3690.948741764656
12.822191109999999,3630.726328617539
12.838614228999997,3653.3864243451144
12.854934013999998,3676.519022768919
12.871400986999998,3643.656912536385
12.887825512,3653.073680973705
12.904167692999998,3671.4805692094733
12.920512946999999,3670.7903101412085
12.936889971,3663.6692966926166
12.953196474999999,3679.5134015238864
12.96951928,3675.838803440616
12.985814638,3682.0301830740636
13.001926817999998,3723.8908701374908
13.018094466,3711.114937682211
13.034214875,3721.9899321415046
13.050219918,3748.8184192945087
13.066438347999998,3699.49495728041
13.082294952999998,3783.912129992578
13.09826833,3756.250165509379
13.114269519,3749.7213488321026
13.130170082,3773.4512922595427
13.146190021999999,3745.332379522109
13.162051261999999,3782.806388403535
13.178059013999999,3748.1840048496147
13.193958431999999,3773.7230381640256
13.209791806999998,3789.4637119376707
13.225699454,3771.770897354657
13.241496163,3798.2594982284054
13.257356883,3782.930409212392
13.273196039999998,3788.080388369514
13.289025874,3790.3113829237845
13.304800706999998,3803.52679486411
13.320597207999999,3798.309511707563
13.336413239999999,3793.619031625623
13.352205052999999,3799.437088065852
13.367945146,3811.9215686968328
13.383684458999998,3812.110477757817
13.399599032999998,3770.1291910169984
13.415258553999998,3831.534821531284
13.431028230999999,3804.7703830582045
13.446791918999999,3806.215905821064
13.462477532999998,3825.161067969964
13.478386221999997,3771.523850896886
13.494180534999998,3798.835694847725
13.509945471999998,3805.9143528451427
13.525785201999998,3787.9433550951353
13.541634568,3785.6403846056346
13.557514715,3778.3025560152078
13.57342533,3771.067303181107
13.58924855,3791.8957077001032
13.605169478,3768.6245424890067
13.621069885,3773.4883138525543
13.637097792999999,3743.4704516651295
13.652992002999998,3774.9595607459382
13.668930795999998,3764.400478756425
13.684862141,3766.1603587137383
13.700851559,3752.4817976488735
13.716948999,3727.3007385026694
13.732577529,3839.1326631485567
13.748403093,3791.3340718852073
13.764277926999998,3779.567080827876
13.780137344,3783.2412124603557
13.796108480999997,3756.776990893591
13.811914409,3796.0441171179973
13.827893670999998,3754.8667767013444
13.843898192999998,3748.940455703858
13.859791622,3775.1450615215144
13.87565557,3782.160657611887
13.891619415999997,3758.4927842580455
13.907556229,3764.868170316593
13.923470334999998,3770.240062496266
13.939338867,3781.0680912380926
13.955313337,3755.9931565805296
13.971204577999998,3775.664845810699
13.987143006,3764.4866858885252
14.003144664,3749.611446513757
14.019060070999998,3769.9318653935893
14.034950113999997,3775.949504982732
14.050742187999997,3799.374293712112
14.066606761,3782.0116557813003
14.082579565,3756.3849152596067
14.098306533999999,3815.1025795245628
14.11417517,3781.0433108427437
14.130062555999999,3776.580993248525
14.145917494999999,3784.3097346510303
14.1618691,3761.376989963984
14.177678778,3795.1437088092243
14.193544133,3781.8252412255442
14.209412352999998,3781.142434375601
14.225291093,3778.637347799266
14.241151551999998,3782.992661183653
14.257038105,3776.779015560812
14.272920282999998,3777.8193897591764
14.288711835999997,3799.499643891973
14.304525523999999,3794.1813446676288
14.320499264999999,3756.1645703408285
14.336424099999999,3767.6999479115816
14.352480705999998,3736.7797403761656
14.368200279,3816.897570945002
14.384207613999997,3748.281647132949
14.400276928,3733.8246050820608
14.416077386999998,3797.3580387765383
14.432023159,3762.752910300761
14.447975962999998,3761.094287876214
14.463829182999998,3784.720075795248
14.47966985,3787.7192923751254
14.495655362,3753.398702525063
14.511494363,3788.1176975745357
14.527419352999999,3767.663276398023
14.543334552999998,3769.9808987638103
14.559360480999999,3743.932956643468
14.575140783999998,3802.2083606380234
14.590968794999998,3790.747934152945
14.606988525999999,3745.3812426687846
14.622806484999998,3793.1568794685522
14.638723454999997,3769.5616690866927
14.654533444999998,3795.0688140850193
14.670504477999998,3756.8014542328965
14.686480042,3755.735947725826
14.702381647,3773.204025631418
14.718250596,3780.968733341727
14.734082513,3789.812692929133
14.749889639,3795.7564202376484
14.765820097999999,3766.369820229336
14.781738162,3769.302598607243
14.797430026,3823.637523241154
14.813335641999998,3772.2525176018676
14.829165476,3790.3113829237845
14.844893590999998,3814.82459913391
14.860755143999999,3782.7317413369165
14.876457008,3821.202374444109
14.892354551,3774.168121450927
14.908130269999997,3803.313180211408
14.923940259999998,3795.0688140850193
14.939707645999999,3805.3232159090267
14.955410134999997,3821.0502806277723
14.971255178,3786.6732201352283
14.987052095,3798.209486066315
15.002792866,3811.757378339147
15.018664106,3780.4229537202586
15.034551597,3776.5560339261083
15.050308825999998,3807.776100734869
15.06616116,3784.931606916295
15.081957609,3798.322015283364
15.097747806999998,3799.8256893300977
15.113486443,3812.2744563120414
15.129310442999998,3791.7087967647667
15.145221370999998,3770.9931186916933
15.160906152999999,3825.3639738184534
15.176741559,3788.9776870891133
15.192718061,3755.515443868542
15.208463050999999,3810.7359864951914
15.224423146,3759.3761190016785
15.240345376,3768.316372769147
15.256272398,3767.182590694068
15.272190358,3769.327225348101
15.288098109,3771.7462386731386
15.30412784,3743.0447210874013
15.319976007999998,3785.9265499966673
15.336007457000001,3742.6436000880285
15.352007761,3749.9287513540708
15.367952543999998,3762.986300911477
15.383894044999998,3763.7610159795277
15.399742994,3785.7399881841748
15.415712150999997,3757.2427899613485
15.43171933,3748.3181764876063
15.447440518,3816.5054701971562
15.463449467,3747.903750583568
15.479360083,3771.067066165292
15.495199447999997,3788.030643905725
15.511145845999998,3762.6051977379475
15.526940574999998,3798.735641491643
15.543035931999999,3727.7831116138614
15.558795765,3807.1469412142674
15.574638203,3787.2958694867643
15.606496622999998,1883.3325695374092
15.622344425999998,3786.013745880162
15.638272333,3766.9732752704567
15.654134563,3782.570294340766
15.670017469999998,3777.645993898152
15.685817355999998,3797.4957540833057
15.701727294999998,3771.2275326762365
15.717413638,3824.983299166117
15.733250607999999,3788.603501806521
15.749114087999999,3782.272237869586
15.764960745,3786.2875431705684
15.780789849999998,3790.485943457139
15.796741142999998,3761.450560778866
15.812564154,3791.9457933760295
15.828579873999999,3746.3192413457
15.844315436999999,3813.018955851838
15.860127509999998,3794.5688715200463
15.876022605,3774.749380233053
15.891933897999998,3770.906613309533
15.907831648999998,3774.1187417011015
15.923685702,3784.521219904674
15.939585692999998,3773.587041653582
15.955580266999998,3751.2721501678125
15.971553175,3756.3604573439397
15.987482748999998,3766.579068593359
16.003432167,3761.8927537038376
16.01931596,3777.4352763221227
16.035356733,3740.468118338121
16.051246879,3775.925029260208
16.067101193,3784.4589176173595
16.083078371,3755.3565466942955
16.098994299999998,3769.808221688227
16.114979916,3753.374283480424
16.130930688,3761.5734210231194
16.146962346,3742.5948083475014
16.162843066,3778.166229238511
16.178875765999997,3742.3515689816704
16.194829402,3760.8981425920974
16.210815279,3753.313002471212
16.226902094,3729.7625415593525
16.2429012,3750.2095429584765
16.258947753999998,3739.1205613369557
16.274874463,3767.2566253324467
16.291021278,3715.903105349481
16.307204916,3707.4482264121257
16.32333069,3720.751636479836
16.339566151,3695.6141867481865
16.355771664,3702.4437301061107
16.372109731,3672.4050648097964
16.388471443,3667.0979173813216
16.405036541999998,3622.0731309851603
16.421501692,3644.0603334918283
16.438159187,3601.982170788484
16.454811577999997,3603.0861874435595
16.471534802999997,3587.8247168235052
16.488372559,3563.420208725932
16.505268962000002,3551.051664664106
16.522289219999998,3525.2109574377187
16.539348593,3517.128091401274
16.556524996999997,3493.1642269249232
16.573553900999997,3523.421119762021
16.590974161,3444.2654702050813
16.608133899000002,3496.556882161433
16.625540357,3446.996511295543
16.643075304999996,3421.738119782668
16.660550461,3433.4457443463616
16.678197546,3399.9949566741248
16.695912495,3386.9699540198217
16.713779476999996,3358.1496863891393
16.731645051999998,3358.414156834794
16.74955568,3349.9662881720706
16.767566516000002,3331.3278739528487
16.785711208000002,3306.7521895659793
16.803926994,3293.8463374571616
16.822238352999996,3276.6546710168814
16.840685649999998,3252.509026118832
16.859151697999998,3249.2063272010523
16.877822537999997,3213.5672524645056
16.896283689999997,3250.068034757453
16.914961718,3212.3305522396886
16.933810944999998,3183.154407340408
16.952657463999998,3183.611785285085
16.971599869000002,3167.4964187486567
16.990743940999998,3134.129457934158
17.00984744,3140.785884302624
17.029072086,3120.9937493781013
17.048441888999996,3097.605071151779
17.067912995,3081.489053574354
17.087452174,3070.753382217528
17.107137031,3048.0282381525863
17.126889440999996,3037.60401895335
17.146708464999996,3027.3942854097795
17.166652542,3008.411971132296
17.186713546999997,2990.877077196002
17.206844761,2980.4461867024943
17.227066391999998,2967.119714527728
17.247514326999998,2934.281627949232
17.267865021,2948.302401873701
17.288473165,2911.4703391046955
17.309111569000002,2907.20154523532
17.329820599,2897.286835742806
17.350684473,2875.7842383442608
17.371622410999997,2865.611694905764
17.392724254999997,2843.3534055127575
17.413854225,2839.568631663391
17.435171955999998,2814.5584537120903
17.456555105,2805.9478049746035
17.478154713000002,2777.828190214984
17.499734216,2780.4162125515704
17.521453199999996,2762.5601639566057
17.543275725999997,2749.4525610828427
17.565230387999996,2732.904747064799
17.587387551999996,2707.927783537721
17.609524194000002,2710.438195638796
17.631919328000002,2679.1534268113865
17.654307795,2679.9512445404484
17.676943971,2650.624381079336
17.699605929,2647.6088253273933
17.722583827,2611.2049065583988
17.745510943,2616.9885475349247
17.7686803,2589.627325436733
17.792038147,2568.7299004912825
17.815475266,2560.041616036461
17.839024261,2547.8794317975444
17.862642006,2540.462690235367
17.886476158999997,2517.3959401876305
17.910434062,2504.3928093369645
17.934550195,2487.9610673900634
17.958752527,2479.0999478891604
17.983151786999997,2459.090972431575
18.00777834,2436.394569714611
18.032354372,2441.40307108987
18.057248531,2410.2039357908475
18.082271597000002,2397.7877051514492
18.107540862,2374.426007246484
18.132724449999998,2382.5040339766674
18.158221216999998,2353.23953032948
18.183652201999998,2359.32662458809
18.209412303,2329.1834143038855
18.235211051,2325.6942546204446
18.261383029999998,2292.5282035419
18.287490528999996,2298.190263265121
18.313948968,2267.7074788877176
18.340543242000003,2256.1247582840733
18.367306526,2241.877342108142
18.394368198000002,2217.1579050989667
18.421452109999997,2215.337282147847
18.448803313999996,2193.6877074955505
18.47621452,2188.885815530779
18.503922758,2165.42098418509
18.531793653,2152.7833964428146
18.559833663999996,2139.79944587082
18.588242791999996,2111.997242576412
18.616658221999998,2111.5288419001427
18.645193288,2102.676054787915
18.673827417,2095.4016097366484
18.702491754999997,2093.1932912597795
18.731381979,2076.827095559983
18.760481528,2061.887625818428
18.789715711999996,2052.3918163752246
18.819308805,2027.5001332234785
18.849056794999996,2016.9429934595894
18.879049422,2000.4916541651578
18.909112569999998,1995.7989762085833
18.939573898,1969.7105786063423
18.970116476,1964.4707136377215
19.001024367999996,1941.2517683189183
19.032040074,1934.5037639958948
19.06345323,1910.027760343513
19.094844615999996,1911.3523690864824
19.126611992,1888.7301236334708
19.158493328,1881.9788480634563
19.190843573000002,1854.7000185004322
19.223248819,1851.5520604289532
19.255862606999997,1839.7127006529195
19.28861749,1831.7879505170329
19.321564666,1821.0968976521463
19.354441164,1825.0118975567148
19.387553652999998,1812.0051319611005
19.420678226,1811.3441039676586
19.454049726999997,1797.9413032696386
19.487492114,1794.1303053516597
19.521129033,1783.7543325533195
19.554720066999998,1786.19092225638
19.588664799999997,1767.5790821510582
19.622626513,1766.695337187309
19.657050989,1742.945920222673
19.691406715,1746.4337676926987
19.725891712999996,1739.8870082580922
19.760639106999996,1726.748198728225
19.795690565999998,1711.7689737250892
19.830947860000002,1701.7755248032493
19.866684948,1678.9280648721003
19.902077919999996,1695.251814399916
19.937461151,1695.7185170566402
19.972951414999997,1690.6044993073651
20.008914859,1668.3607943664672
20.045086116,1658.7756405590467
20.081675085,1639.838498865587
20.118249990000002,1640.4690593180442
20.154943177999996,1635.180895157161
20.191599803000003,1636.8118996222327
20.228566586,1623.0787515376992
20.265545556,1622.5438404585166
20.302756195,1612.44207604169
20.340032510999997,1609.6011204542322
20.377444816999997,1603.7503809575287
20.414842487999998,1604.377983858907
20.452278649,1602.728442160413
20.489676007999996,1604.391368920087
20.527411285,1590.0241039702773
20.564916769,1599.766050212799
20.602571992999998,1593.404410500998
20.640463834000002,1583.4543378347255
20.678563904999997,1574.8002149394288
20.716920696000003,1564.260159302473
20.755497124,1555.3539586402776
20.793762092,1568.013855388563
20.831973517999998,1570.2109625535913
20.870317549,1564.7807086322816
20.90888882,1555.5619103139404
20.947244986999998,1564.2856075792386
20.985587089999996,1564.859392297892
21.023833777,1568.7633284418341
21.062442912999998,1554.0363296397784
21.100928767999996,1559.014344361163
21.139469987,1556.7748389067842
21.177847923999998,1563.3982618711404
21.215846327999998,1579.0136869959208
21.253900097,1576.7163562694204
21.292274128000003,1563.5573964068146
21.330274875,1578.9163302501127
21.368053486,1588.2002649594401
21.405963659999998,1582.6885943600564
21.443967637,1578.7821364063059
21.481970155,1578.842749314706
21.520094966000002,1573.778293615549
21.557997692,1582.9995974432582
21.595614165999997,1595.045830186148
21.633434652,1586.4418029952935
21.671313575999996,1583.9943077581609
21.70901578,1591.4188995420789
21.746530534999998,1599.3707009416826
21.784205135,1592.5849245909958
21.822111037999996,1582.8669218091914
21.859727825,1595.0325582031414
21.89734008,1595.224747891384
21.93497119,1594.4254633998507
21.972803915999997,1585.9285423948447
22.01027716,1601.142404431086
22.047723841999996,1602.278140423967
22.084962189000002,1611.242303531637
22.122339026,1605.2722706312902
22.159457112,1616.462659200712
22.196789105999997,1607.2005154614028
22.234097558000002,1608.2146747871543
22.271463405,1605.744411467652
22.308554252,1617.649766800881
22.345664473,1616.8052461881514
22.382724224999997,1619.0070564963294
22.420162782,1602.6258704361264
22.457265034000002,1617.1525113891637
22.494429161999996,1614.46005137025
22.531606466999996,1613.8878275334841
22.568988982,1605.0284471227487
22.606180609999996,1613.2662974583397
22.643542916,1605.8965953544432
22.680692565,1615.0892838853001
22.717907525999998,1612.2548133264352
22.754756287999996,1628.2772267899509
22.791460516999997,1634.689016352791
22.828356882999998,1626.176409893567
22.865229811,1627.2100767261618
22.901791539999998,1641.0602463576556
22.938293424,1643.7507718778174
22.975016924000002,1633.8311980066906
23.011912144999997,1626.2268763753632
23.048439705999996,1642.5952994781226
23.084727735,1653.4378320738178
23.121218264999996,1644.2622236511427
23.157800723,1640.1303597476024
23.194172293999998,1649.6400444183644
23.230701314,1642.5296928303762
23.267224708999997,1642.7826602649168
23.304017584999997,1630.7504746299342
23.340534937999998,1643.0544678306462
23.376780101999998,1655.3932546697665
23.413035006,1654.9485277907377
23.449407254,1649.6093395162486
23.485378302,1668.0081158602702
23.52128586,1670.9574067945011
23.557375657999998,1662.5196960094277
23.593885354999998,1643.3990125965884
23.63006104,1658.5726020113862
23.666138234,1663.1005171854254
23.702195689,1664.0109514108278
23.738069705,1672.51974242299
23.774100128,1665.2593837158254
23.810513522,1647.7453323905938
23.846613216999998,1662.0639038641361
23.882444784999997,1674.501099142569
23.918300310999996,1673.3822284465136
23.954528443999997,1656.1714621064614
23.990683085999997,1659.5379370649175
24.026660487999997,1667.7135275081691
24.062777265999998,1661.2777584977155
24.099388994999998,1638.8190789896626
24.135335511999997,1669.1464154928053
24.171448331,1661.4598821541708
24.207634745,1658.0808476905427
24.243973554999997,1651.12726586274
24.280326271999996,1650.4956149495072
24.316654301,1651.6172677574757
24.352942954999996,1653.409354891096
24.389327807999997,1649.0378564947866
24.425746671,1647.4978914085673
24.462301316,1641.378270805144
24.498774032999997,1645.0652689243818
24.535226334,1645.9866278398479
24.571377591,1659.6933268461355
24.607871142,1644.1261087472908
24.644056723,1658.119017074875
24.680297251,1655.6050176752192
24.716417884000002,1661.100457458622
24.752525337999998,1661.7067489722867
24.788809096999998,1653.6324144364514
24.825179522,1649.692023120379
24.861627812000002,1646.167762602732
24.898129800999996,1643.7460435377773
24.934460746,1651.4847053935664
24.970636327,1658.577370187828
25.006637634999997,1666.606113311406
25.042851601000002,1656.8193607955313
25.07904963,1657.5488129479047
25.115663442,1638.7258447714203
25.152015429000002,1650.528759266847
25.188380750999997,1649.9235177955754
25.22460581,1656.3120021418029
25.261116340999997,1643.3614728858365
25.297343171,1656.2310309787938
25.333707345999997,1649.975559737218
25.370160481,1645.9489698210177
25.406679083999997,1642.9982275062396
25.44315977,1644.7059136989014
25.479844780999997,1635.5453730137012
25.516452082,1639.0173096889614
25.553063914999996,1638.8144237413162
25.589742051,1635.8519418759438
25.626711594,1622.9575788914522
25.663423791999996,1634.3341796098878
25.700428961,1621.3951083426643
25.737245117999997,1629.7192561408556
25.774175493999998,1624.6788280736343
25.811053996,1626.9641321114211
25.847994633,1624.227541068088
25.885062354,1618.6589944388688
25.922367731999998,1608.347193265305
25.960119102999997,1589.3462518222686
25.998444643999996,1565.535630664721
26.037368887,1541.4557965839967
26.07695829,1515.5570797568932
26.11707931,1495.4754390590954
26.158078148999998,1463.4560749392163
26.199501884999997,1448.4449205644287
26.241937346999997,1413.911789154072
26.285126667,1389.2323379945647
26.328760885,1375.0676132203967
26.374118812,1322.8117766493822
26.419165800000002,1331.942548522805
26.466089568999998,1278.6696652608075
26.512622971999996,1289.3963504023682
26.561070813,1238.4452797389606
26.609283079,1244.4965768669697
26.659492545,1194.9937886214925
26.709429354,1201.5185031145616
26.761305236,1156.606840920855
26.813058773999998,1159.3410290133247
26.866960606,1113.134707555001
26.920564988000002,1119.3114771847654
26.976658915999998,1069.634488781114
27.032530187,1073.8971733791245
27.091239494999996,1021.9844526186997
27.14948828,1030.0644039184058
27.211398441,969.146244022849
27.272648755,979.5868148529211
27.338232947999998,914.8545900381903
27.403017812999998,926.1422401667423
27.472947241,858.0078761690781
27.542010777999998,868.7652356988556
27.617369456,796.1923111230734
27.691508804999998,809.2868471235237
27.769996303999996,764.4529481058089
27.84999699,749.9935688050977
27.934751558000002,707.9264447433591
28.020825091999995,697.078384163994
28.111956780999996,658.3878852503151
28.204184310000002,650.5649739352357
28.304300896999997,599.3012926020232
28.407930786,578.9835401637617
28.505786838,613.1455211375339
28.589866766999997,713.6066920323107
28.680088503,665.0282144870005
28.776561629999996,621.9348523864326
28.85934853,724.7523460837218
28.924936785999996,914.7979174808637
28.981115298,1068.024016015187
29.025698012,1345.813088005347
29.065703667,1499.7879674760366
29.101110284999997,1694.5984504932549
29.137010447,1671.3016503934646
29.173387018,1649.4132995658956
29.208741916,1697.0774459594736
29.242789203,1762.2549485367258
29.276230652000002,1794.180628955324
29.308981056,1832.0384688996126
29.341346508999997,1853.8285251254008
29.373292637,1878.1618855342208
29.404717511999998,1909.3154706264345
29.435827853999996,1928.6191067910381
29.466908976999996,1930.4321790432166
29.497910464,1935.3910346297612
29.528556949,1957.8101697471425
29.558984422,1971.902168806256
29.589304550999998,1978.8834011889471
29.619453637,1990.1100816123223
29.649467045,1999.1065326535345
29.679301338000002,2011.1084918284873
29.709184172,2007.8416926588304
29.739062683999997,2008.1321318815185
29.768963331000002,2006.645541816859
29.798884289999997,2005.2833199634622
29.828923011,1997.421927517891
29.858947981999997,1998.3366511830425
29.888970244,1998.5169671757048
29.919167768,1986.9178678356643
29.949339353999996,1988.6259873780245
29.979570316,1984.720168679747
30.009843986,1981.92026272337
30.040300781999996,1970.0036734004589
30.070631640000002,1978.183406482845
30.101135676,1966.9528320779282
30.131672369,1964.8493044088361
30.162360729,1955.1386910216636
30.193002631,1958.1029924317822
30.223730678000003,1952.613519498739
30.254510289000002,1949.3423747298286
30.285404170999996,1942.132102401767
30.316433105999998,1933.678999939775
30.347609907,1924.5079057340854
30.378747384,1926.938396453803
30.409890591,1926.5838614501374
30.441201610999997,1916.2582375152908
30.472750184,1901.8292840058457
30.503995527,1920.28616872589
30.535406078999998,1910.186105612081
30.566705016,1916.9980117853574
30.59842958,1891.2789471274716
30.629997840999998,1900.6431808203229
30.661596832,1898.7948064542566
30.693177489,1899.8971427352335
30.724900751,1891.356569825646
30.756640470999997,1890.3758445255658
30.788635870999997,1875.2695700007132
30.820510018999997,1882.403256708227
30.852645523,1867.0937913404018
30.884640454,1875.297058774726
30.916934448,1857.9306108745925
30.949207973999997,1859.108917941131
30.981642803,1849.8633058923836
31.014065600000002,1850.549784461704
31.046783034999997,1833.8845939484293
31.079346875,1842.5345413807743
31.111885871,1843.9413434883131
31.144602212000002,1833.9459171180758
31.177296573999996,1835.178799329727
31.210134114,1827.1770662478077
31.243004673999998,1825.341582254803
31.275848881,1826.8061701107072
31.308726733,1824.9367385680355
31.34173193,1817.8955271800833
31.375106556,1797.7729548191928
31.40835389,1804.6559763256855
31.44154341,1807.7995704667933
31.474751317,1806.7986037182063
31.508040733999998,1802.374610525682
31.541454215,1795.6824073490961
31.574892278999997,1794.362257336701
31.608309718,1795.4697246546075
31.641919762,1785.1806442145921
31.675458346999996,1788.984240092676
31.709318601,1771.989070134945
31.742996823,1781.5667347285114
31.776676398999996,1781.4951114587923
31.810344776999997,1782.0876313078472
31.844328052,1765.5743891662173
31.878181014999996,1772.3707079941776
31.912154551,1766.0805163169186
31.945926627,1776.6156868770277
31.97992334,1764.8765043843825
32.014064273,1757.4212163444442
32.048188018,1758.306422697993
32.082472128999996,1750.0818382020577
32.117094523,1732.98241594717
32.151619104,1737.8921991841398
32.186160195,1737.0615189890161
32.220835193999996,1730.3533303636511
32.255629047,1724.4425329955209
32.29043264,1723.959937124909
32.324990294,1736.2289697093809
32.35974597,1726.3367284240646
32.394607115999996,1721.1138153635213
32.429303677,1729.278011154851
32.463978936,1730.340355929452
32.498601434,1732.9772103674381
32.533471329,1720.681980831893
32.568118827999996,1731.726725787887
32.602784243,1730.831723779712
32.637489293,1728.8550225399742
32.672220751,1727.5404908140315
32.707069239999996,1721.7389253233728
32.742160386,1709.833015997518
32.777214554,1711.636687540513
32.812225804,1713.7348709341609
32.847144346,1718.2848012382758
32.882024762,1720.1629705333778
32.916967731,1717.0836284690367
32.952149139,1705.4462402414515
32.987243305999996,1709.6858289870593
33.022183098,1717.239759183309
33.057296381,1708.7550600152658
33.092372788,1710.5514826533683
33.127615342,1702.4872828456253
33.162740707,1708.167303030211
33.198091387,1697.2799391694618
33.233587328,1690.3341145399952
33.268802642,1703.8042029102069
33.304024467,1703.489242820291
33.339540408,1689.3822410618432
33.375247808,1680.3239664607468
33.410853229,1685.1366537696777
33.446405315999996,1687.6646369593238
33.481908913,1689.9696106847173
33.517504906999996,1685.5829338549697
33.553223922,1679.7775638547557
33.588882831999996,1682.608918780979
33.624781536,1671.369529105911
33.660857845,1663.1413152602897
33.696954727,1662.1934271222558
33.733181400999996,1656.238163072964
33.769241877,1663.8715473416128
33.805479853,1655.7216109419562
33.841755486,1654.002839867954
33.878240964,1644.4898981450933
33.914402847,1659.205633733253
33.950323841999996,1670.3323502036485
33.985099987,1725.3206184870778
34.018396227,1802.0052714661667
34.050405116,1874.479304795401
34.080899256,1967.5911502995784
34.110496464,2027.2182430181651
34.139108406,2097.026479363224
34.167205136,2135.4798227408273
34.194567955,2192.7565284851307
34.221120978,2259.6297227621903
34.246838944,2332.999429271038
34.272072324,2377.8027358995378
34.296766481,2429.724570067423
34.320898657,2486.3070781513925
34.344417807,2551.1126039845767
34.367508101,2598.4944150127253
34.390269904,2635.995048370979
34.412601964,2686.720347339622
34.434608449,2726.469038557703
34.4563616,2758.221096336975
34.477849488,2792.270696869406
34.499446596,2778.1497411595706
34.520703911,2822.557787754511
34.542015131999996,2815.4182249814044
34.563210571,2830.797701335238
34.58440627,2830.7629769601226
34.605430145,2853.898246636623
34.626562719,2839.2187340738597
34.647847325,2818.938720312459
34.669032556,2832.1617073709854
34.690073046,2851.6446147398538
34.711325516,2823.201256136306
34.732614393,2818.373181451056
34.753992542,2806.604070352365
34.775324127,2812.7305120554233
34.796763266,2798.6198512913784
34.818225737,2795.577452381941
34.839734510999996,2789.559274740976
34.861483756,2758.7164519960875
34.883149458,2769.354069395034
34.904707555,2783.1770123304823
34.92647305,2756.6568093217643
34.94834417,2743.343733654227
34.970140133,2752.803351702944
34.991898752,2757.5279478909097
35.013690808999996,2753.296763128089
35.035532242,2747.0725020644904
35.057208204,2768.043236097686
35.078765677,2783.257573835115
35.100270597,2790.059205056571
35.121677808,2802.7938809960356
35.142919236,2824.668849947885
35.163998164,2846.444563025022
35.184846153,2877.9754248714303
35.205669871,2881.32983744848
35.22629364,2909.2645481041386
35.246776157999996,2929.32734149271
35.26728628,2925.3848416887345
35.287636714,2948.34006979887
35.307850897,2968.2129621562913
35.327923204,2989.193021011559
35.348032335,2983.719187070074
35.367930943,3015.286295403431
35.387881479,3007.437995650364
35.407796493,3012.80230081707
35.427732653999996,3009.606513511277
35.447519125999996,3032.3748468145563
35.467347421,3025.97878435788
35.487263373,3012.6604040824063
35.507058648,3031.026343407724
35.526890484999996,3025.4383393734856
35.546640810999996,3037.9245385619724
35.566351866,3043.977098130676
35.585942556,3062.679262445403
35.605503558,3067.327532607488
35.624958049,3084.12078218892
35.644314258,3099.780540703786
35.663837812,3073.210953293313
35.683361106,3073.251880548039
35.702741638,3095.8902469757463
35.722089514,3101.115595324638
35.741470358,3095.840408187973
35.760832244999996,3098.87150978698
35.780042619999996,3123.312272665143
35.799172005,3136.5357537620594
35.818367275,3125.770046475427
35.837620307,3116.392264864808
35.856707869,3143.4082571683816
35.875919181,3123.1599382692098
35.895021326,3141.0085097776405
35.913991908,3162.7917372274287
35.932897386,3173.683310202364
35.951773175,3178.6750741917544
35.970677559,3173.8669718088718
35.98936517,3210.68327032327
36.008032157,3214.2305557929585
36.026676226,3218.181610463353
36.045254149,3229.6398257217807
36.063762229,3241.827353243072
36.082319475,3233.2383803070247
36.100974898,3216.222971733473
36.119329227,3268.98357330225
36.137761003,3255.247893637614
36.155952778,3298.1938266060233
36.174269242,3275.7414313152904
36.192326954,3322.6800826149433
36.210416853,3316.7681035705723
36.228314147,3352.462109634964
36.246235244,3348.0093322414828
36.264072538,3363.7389169001494
36.281889154,3367.6428789848974
36.299743532,3360.5203160810775
36.317415304,3395.245253277389
36.334937126999996,3424.3012271049106
36.369909627,1715.633712202343
36.38719447,3471.249348345499
36.404552751,3456.563469620078
36.421700301,3499.042137214074
36.438762851,3516.4732118004076
36.45593962,3493.0899984736093
36.472921804,3533.1144686691027
36.490053104,3502.3611751598355
36.50708055,3523.7228178553264
36.523961119,3554.382556654057
36.541125596,3495.5915056424333
36.558131896,3528.1042907631513
36.575259029,3503.2132931992405
36.592371215,3506.2732487833614
36.609630484,3476.392887786809
36.626875534999996,3479.2590639490304
36.644192565,3464.797369987619
36.661485273,3469.6705686583127
36.679034127,3419.02667832237
36.696555586,3424.3723653376423
36.71419142,3402.1640258131274
36.73189913,3388.354564197661
36.749606996,3388.3247140009453
36.767470488,3358.805769890229
36.785396637,3347.065786411176
36.803420963,3328.834598308496
36.82148081,3322.2872818364367
36.839575814,3315.8323700835267
36.857669828,3316.0137932911593
36.875635925,3339.6235142226265
36.893834263,3297.0043747942336
36.9120126,3300.631955498299
36.930210677,3297.051661007741
36.948478026,3284.548841761602
36.966773239,3279.546403750209
36.98514387,3266.0826947092364
37.003714241,3230.9532211291985
37.022205809,3244.7221349749448
37.040905088,3208.67986407333
37.059671554,3197.192268379937
37.078491926,3188.034752979307
37.097328445,3185.3019127359335
37.1163721,3150.6556908329094
37.135467786999996,3142.0707723168534
37.154698006,3120.0892719941435
37.173944735,3117.412834149238
37.193306205,3098.9382521058947
37.21266882,3098.754997711021
37.232195759999996,3072.6780540117456
37.25188994,3046.5853363782717
37.271475265,3063.5182209126456
37.291315748,3024.1199269186664
37.311209252,3016.059915840587
37.331198121,3001.670579760821
37.351401261999996,2969.8352350266523
37.371612581,2968.6335661708
37.391791816,2973.353548833663
37.412312928,2923.8181634605344
37.432781592,2931.310025901179
37.453438694,2904.570060214465
37.474059025,2909.7496058617994
37.494967796,2869.609122411579
37.515873702,2870.002381144901
37.536955963,2845.994554379619
37.55813911,2832.4403357062097
37.579442831,2816.4093962736897
37.600843114999996,2803.701109761636
37.622393138999996,2784.219637064013
37.644098789,2764.2572325637134
37.665797773,2765.10642157205
37.68770905,2738.315982222186
37.709604232,2740.3288997559066
37.731766864,2707.2596792650274
37.753978924,2701.2352748910753
37.776296922,2688.413181146645
37.798887629,2655.9593730290244
37.821461045,2657.993810063994
37.844184096999996,2640.490370748156
37.867060536,2622.785827811645
37.890099371,2604.29835102325
37.913126071,2605.6708082353603
37.936420532999996,2575.7194993390076
37.959873746,2558.2848712452064
37.983319042,2559.1487520568717
38.00705585,2527.7198180982814
38.03078521,2528.5132005248743
38.054767124,2501.8853791232305
38.078877059999996,2488.600550412595
38.103018193,2485.3845923469567
38.127416099,2459.227443535084
38.151874578,2453.1370082338035
38.176589622,2427.671178735914
38.201474196999996,2411.13219735573
38.226431429,2404.1127637867316
38.251545329,2389.1151911888564
38.27692647,2363.9599181142944
38.302398288999996,2355.5443763167737
38.328200734,2325.3610268325965
38.354020315,2323.8177257794828
38.37986323,2321.719511905055
38.405977291999996,2297.612680861565
38.432231719,2285.3288704411175
38.458613594999996,2274.288606314859
38.485165056,2259.762654868261
38.511798182999996,2252.8334731407076
38.538494749,2247.4800691590053
38.565430221999996,2227.5458092015647
38.592663041,2203.223985000904
38.620009975,2194.030233882848
38.647562899,2177.6273182477357
38.675228637,2168.747495548774
38.703008542999996,2159.834522118312
38.730919334,2149.706183532823
38.759017469999996,2135.3729656659934
38.787336077,2118.748284475791
38.81598656,2094.205532241824
38.844763346,2085.013941445599
38.873984198,2053.3282191770636
38.903161559,2056.3888557299697
38.93257361,2039.9801428331975
38.962013577,2038.0457627549733
38.99187438,2009.3230580571953
39.02166987,2013.7275809192658
39.051944165,1981.879346818469
39.082302784,1976.3744852822444
39.113087082,1949.0455816143433
39.14402784,1939.1897250869
39.175186722999996,1925.6145992142021
39.206363784,1924.4918563683075
39.237807357,1908.1800913653149
39.269212648999996,1910.5060382819931
39.300823983,1898.0534007198714
39.332522922,1892.8078318330047
39.364378267999996,1883.514308713289
39.396263302,1881.7605777051956
39.428549797,1858.3621418180603
39.460829469,1858.7549464570352
39.493431746,1840.362254452221
39.526162879,1833.1171120780482
39.55927266,1812.1533331796875
39.592105095,1827.4611675921792
39.625183105,1813.8938829755919
39.658081166,1823.8156953989428
39.691335427,1804.280059027831
39.724461249,1811.275807736808
39.757760354,1801.850229908714
39.791197064,1794.434918985551
39.824835858,1783.654907485789
39.8583646,1789.509430446195
39.891793654,1794.8458846609315
39.925599428,1774.84473510348
39.959695255999996,1759.746089756299
39.993836085,1757.4265698116706
40.028189259,1746.5635053108774
40.062481286,1749.6778478566216
40.09687222,1744.6458418372176
40.131335551,1740.9808703634565
40.165956226,1733.0684627033174
40.200615548,1731.135998563233
40.235241951999996,1732.7817234504303
40.269771064,1737.664148443717
40.304474032,1728.9587449693538
40.338983352,1738.660744401905
40.373547204,1735.9176286255206
40.408070535,1737.9551237392325
40.442705116,1732.3726249207987
40.477255322,1736.6032491963222
40.512163552,1718.7923879268976
40.546904018999996,1727.0924999368006
40.581687247,1724.9692869217472
40.616557039,1720.68706346159
40.651753238,1704.7295362775883
40.686717457,1716.040046540024
40.721674072,1716.4133312107665
40.756637301,1716.0886370078126
40.791732146,1709.6527994351998
40.826641938,1718.7154824640334
40.861706313,1711.1384417946792
40.896769752,1711.1841197323254
40.932025066,1701.8710994885234
40.967411526999996,1695.5637355204653
41.002875175999996,1691.8732756462616
41.038160803,1700.4090645746317
41.073573515,1694.3068353532199
41.109045705,1691.465906108413
41.144505865,1692.0397426294978
41.180230296,1679.5229012885497
41.216186344,1668.7039688008936
41.252243278,1664.03499532151
41.288484118999996,1655.5907187697255
41.324812044,1651.6219960263852
41.361672212,1627.7733731434282
41.398393368,1633.9354893947816
41.435289682,1626.1787017534075
41.472355528,1618.740875359836
41.50965174,1608.7424642480642
41.546782117999996,1615.9275297442607
41.583952861,1614.17273795127
41.621272405999996,1607.7366430916375
41.658753359,1600.81308498185
41.696108425,1606.2078434021723
41.733723493,1595.1054508262098
41.771487052,1588.8332982599106
41.809669518999996,1571.4018688211577
41.847853705,1571.3311264510498
41.886174559,1565.7271103614366
41.924455048,1567.3780969725162
41.963082256999996,1553.309223040255
42.001234984999996,1572.6267332705531
42.039322712,1575.3105980830364
42.077610492,1567.0796269724704
42.116101971999996,1558.786515873221
42.154101574,1578.9639059901176
42.191867216,1588.7456646442151
42.229914474,1576.9861786098172
42.268238503999996,1565.5973549755254
42.306417482,1571.545471960838
42.344586668,1571.948639407817
42.382603560999996,1578.245755117411
42.4204341,1586.0202256169785
42.458323076,1583.574071782869
42.496386428,1576.3193950968166
42.534142433999996,1589.1511406160873
42.571886357,1589.6598771674803
42.609456737,1597.002745247492
42.646987429999996,1598.6915029789113
42.682780248,1676.3139465574504
42.716069977,1802.3577182021133
42.750005232,1768.072760908819
42.783848507,1772.8780680946438
42.818351837,1738.962587089434
42.852525635,1755.7311013544393
42.885219997,1835.1787993293283
42.915924346,1954.120570998132
42.944981499,2064.89603437723
42.972429579,2185.9452464435303
42.998755517999996,2279.1209840609795
43.024015981,2375.253375205151
43.048472012,2453.3825623626626
43.071884235,2562.7639032823636
43.094537808,2648.588812016602
43.116369135999996,2748.344031110098
43.137507387,2838.45621853908
43.157940009,2936.480692492438
43.177857939999996,3012.361073045968
43.197346754,3078.689139317635
43.216198377,3182.749835386166
43.234704998,3242.082928050414
43.252719897,3330.57654111732
43.270375054,3398.4404669978126
43.287800002,3443.3388266068164
43.304910312,3506.6576818305048
43.32174234,3564.632853509317
43.338340147,3614.9353947791037
43.354804308,3644.2792317199405
43.371044821,3694.4645775660774
43.387291845,3692.984019719121
43.403704287,3655.7631094759017
43.420154281,3647.417743737759
43.436708911,3624.3636976495195
43.453276613999996,3621.5038379189223
43.469995202999996,3588.8196067264034
43.486678323999996,3596.4493693956133
43.503425766999996,3582.636465757817
43.520322222,3551.0407360594604
43.537206437,3553.6150185237334
43.554203987,3529.9204885411514
43.571321536999996,3505.1745138771935
43.588472576,3498.3303343886055
43.605727523,3477.2636508247438
43.623150231,3443.7815292552027
43.640556845,3446.96561893039
43.657952574,3449.1224828806294
43.675530908,3413.292750041136
43.693202055,3395.3653376317293
43.710855129,3398.8414708958794
43.728691642,3363.886203542348
43.746527113,3364.0827315413726
43.764459928,3345.8216125016675
43.782601755,3307.274399650987
43.800568528999996,3339.49767498713
43.818817179,3287.914448465355
43.837037132,3293.0930173092593
43.855297085,3285.879213380662
43.873681257,3263.677036963365
43.892102668999996,3257.0793161792476
43.910600591,3243.6075792726665
43.929251066999996,3217.0760681929733
43.947938106,3210.781547573083
43.96660754,3213.809267062563
43.985547079999996,3167.9755685727346
44.004386568,3184.7999266214188
44.02346491,3144.9273736679643
44.04260117,3135.408904352877
44.061652378,3149.406588810456
44.081068952,3090.143503173425
44.100291723,3121.298172881221
44.119621265,3104.0569921416713
44.139245236,3057.4851542532106
44.158778009,3071.760471490396
44.178448595,3050.2395810684216
44.198325589,3018.5650808164646
44.218135603,3028.771206320072
44.238064472,3010.7077325867135
44.258145477,2987.898265051744
44.2781607,2997.7182867258384
44.298469207,2954.426930547506
44.31867589,2969.3146569372775
44.338992313,2953.2757808797724
44.359503529,2925.22881139724
44.38015709,2905.0680412937745
44.400811484,2904.950878732473
44.421543377999996,2894.0915866161768
44.442454231999996,2869.323271062926
44.463433368,2859.984319659151
44.484594275,2835.4172153392824
44.505665234,2847.521083402132
44.52702031,2809.6364536470337
44.548444656,2800.5522315589196
44.569934524,2792.0134269791993
44.591450381,2788.6409544359844
44.61328322,2748.1538246127725
44.635034548,2758.452265535163
44.657080564,2721.5801712203806
44.679175748,2715.5238897307536
44.701330464,2708.226997809057
44.723615439999996,2692.396886584693
44.745934428,2688.2939316063243
44.768533781,2654.943263198268
44.7911835,2649.0394869799084
44.81386176,2645.705622918244
44.836725126,2624.2855054680585
44.859765784,2604.092296322516
44.882847743999996,2599.4326305046325
44.906138717,2576.1053434734386
44.92954219,2563.722059541981
44.95312582,2544.1376073151837
44.97684393,2529.712527684078
45.000565009,2529.3959014261395
45.024611297999996,2495.1875110544597
45.0487304,2487.654805722014
45.073005493,2471.669212554616
45.097280482,2471.6798017904857
45.121829482,2444.0914090186598
45.146380306,2443.9098255933195
45.171128526,2424.4167863386397
45.195949456,2417.3147420338355
45.220937886,2401.1112342791757
45.24605689,2388.6297402559203
45.271380842999996,2369.2983476950176
45.296763911,2363.780453962129
45.322291303,2350.416368424875
45.347989633,2334.782065605284
45.373979266999996,2308.612733830876
45.400084058,2298.4286677490068
45.426462966,2274.54449592789
45.452861248,2272.8751818020105
45.479400469,2260.8048668798388
45.50609068,2248.0151992802143
45.533018862,2228.148933336919
45.559954804,2227.5070238864
45.587057413,2213.809010047999
45.614280076,2204.0459451006855
45.641783052,2181.582094970301
45.669426394,2170.5045648968708
45.697224059999996,2158.454598310684
45.725170737,2146.9457710479887
45.753284758999996,2134.166360117617
45.7814705,2128.7359448877655
45.809793325,2118.4327481454397
45.838376152,2099.1625495965754
45.867110542,2088.090263966165
45.895993630999996,2077.3401349144456
45.925030209999996,2066.359125846089
45.95424028,2054.086142210204
45.983483475,2051.7593922278757
46.012921932,2038.1503011521525
46.042732423,2012.7142488193695
46.072605153,2008.520814803266
46.102909084,1979.941150209268
46.13342437,1966.2276801204835
46.164124865,1954.3658823743474
46.19496682,1945.401969492553
46.226131589,1925.2509139406689
46.257163389,1933.5004737075574
46.288608108,1908.110547911108
46.320117046,1904.2215894422288
46.351914058,1886.969756781015
46.383652216,1890.4688797627794
46.415665011,1874.2505926146102
46.447502024,1884.5989100798813
46.479382006,1882.0587790796396
46.511377249,1875.278771910099
46.543690878999996,1856.801603534019
46.575943779999996,1860.2977760047265
46.608236004,1858.03244768757
46.640551144,1856.7148401646189
46.6728654,1856.765633100176
46.705246582,1852.9280370307913
46.737927402,1835.9392450987289
46.770562700999996,1838.5000854443506
46.803354199,1829.7425753467223
46.836218457,1825.6916069729446
46.869335321,1811.765751733007
46.90243406,1812.7578818035022
46.935443841,1817.6430797887633
46.968557528,1811.939576526351
47.001970123,1795.7300233638641
47.035253551,1802.6989287282877
47.068810000999996,1788.031809085939
47.102458639,1783.1330944211036
47.136353997,1770.153895409392
47.170148938,1775.4136632464092
47.203959921,1774.571298326231
47.237914863,1767.0476362468228
47.271913556,1764.7737223309846
47.306003811,1760.0337691814943
47.340410579,1743.8429555485554
47.374820315,1743.6925409715116
47.409458751,1732.1798247472034
47.443997186,1737.1950987359241
47.478505673,1738.7027139148022
47.513004056,1739.2119508906198
47.547859525,1721.3941376029097
47.582563065,1728.9302474616657
47.617073687,1738.5951490529947
47.651744727,1730.5509151153633
47.686859885,1708.6638197671246
47.721640561,1725.0958549509817
47.756442852,1724.0244327594094
47.791310247,1720.8053541138215
47.82622207,1718.6154959595556
47.861305613,1710.2035561232174
47.89654124,1702.821976177753
47.931739366,1704.6362070523965
47.967016035,1700.840858869162
48.002143536,1708.0634344015336
48.037605466,1691.9552883893648
48.072960521,1697.069909805141
48.108474326999996,1689.4838024402266
48.144051362,1686.4811809077166
48.179525688,1691.3640586152733
48.21520314,1681.7344467311539
48.250834134,1683.9272011327316
48.286610857999996,1677.0680289231998
48.322367269,1678.0207610880711
48.358117274,1678.3214435912123
48.393604048,1690.77076434172
48.429288792,1681.3907926591357
48.46533432,1664.561551158515
48.501259273,1670.1483228103477
48.537356624,1662.1718308362329
48.573261734,1671.0713321863457
48.60908882299999,1674.7104404717202
48.64485637999999,1677.497850915576
48.68091492799999,1663.960512220304
48.716721965000005,1675.6482810901039
48.752674940000006,1668.846597534663
48.788723852000004,1664.405294673051
48.82523839299999,1643.1810001396218
48.861466057,1656.192902749267
48.897662263,1657.6322943902085
48.934021853999994,1650.1835787980012
48.970396186,1649.514828203205
49.006716142,1651.984380157297
49.043123495,1648.0187395111598
49.079462930000005,1651.0988682129062
49.115948200000005,1644.4992732683622
49.152187010000006,1655.6835061636775
49.188370455,1658.2169000219178
49.224575098,1657.246005712357
49.260938960999994,1649.989716439493
49.296999071,1663.8884351707848
49.333132256,1660.523421890566
49.369453306,1651.934621934205
49.406062586000004,1638.9287087860696
49.442580668999994,1643.0216230139013
49.479507243,1624.8461067628498
49.516131472,1638.2597432973746
49.552923879000005,1630.7712621244998
49.589815714,1626.3761344485483
49.62706702999999,1610.6813514992964
49.664118969,1619.348450292614
49.701055022999995,1624.4290740967847
49.73791842,1627.6307905099545
49.77495562,1619.9928720313487
49.812021258,1618.7499591939504
49.849379033000005,1606.0913691994203
49.886662797,1609.2795781029274
49.924049581999995,1604.8451344507807
49.961386731999994,1606.9785722799286
49.998724975,1606.9315312985543
50.036276085,1597.8222747611794
50.074416156,1573.1486184175874
50.112740290999994,1565.5930655709715
50.15148911599999,1548.4340492905674
50.189853146999994,1563.964954569017
50.227907904999995,1576.6753791995745
50.266131258,1569.7210027594876
50.304471018,1564.955023192654
50.342518119999994,1576.9926445386286
50.380284543,1588.712809788406
50.418178779,1583.3542599988182
50.456096141,1582.3885638456932
50.493613812999996,1599.2463498271304
50.530777472,1614.4804256222087
50.567738578000004,1623.328046514327
50.604452026000004,1634.2785346666242
50.641063442000004,1638.8330896570842
50.677690692,1638.12462033071
50.714221639,1642.443049724262
50.750831128,1638.9193523023525
50.78720113599999,1649.7109376498875
50.823784427999996,1640.092969216519
50.860037821000006,1655.01750415427
50.89598991,1668.887724438333
50.932161531999995,1658.7589022135596
50.968581437,1647.45075529428
51.004765819,1658.173960246079
51.040855306,1662.5340227197767
51.076642238000005,1676.5896556873631
51.112469899000004,1674.6837031868101
51.148224330999994,1678.1136391711186
51.183750168,1688.911650413342
51.219240015,1690.6243636387185
51.254744758,1689.915062897173
51.290270335,1688.924011001924
51.325935443000006,1682.316509457765
51.361744302999995,1675.5629751971635
51.397378734,1683.7647835597795
51.433179468000006,1675.9432921121231
51.468948952999995,1677.407432620817
51.504540936,1685.7728887989858
51.540068804,1688.8151014295472
51.575404327,1698.007979109269
51.610949434999995,1687.995996523924
51.646215217999995,1701.3658820506066
51.681648607,1693.3181299703415
51.716997515,1697.365021855688
51.752254132000004,1701.8082024148002
51.78766116599999,1694.578540524476
51.8231332,1691.4733448886964
51.858352890000006,1703.5925074863255
51.893589089,1702.7943337476977
51.92881982,1703.05861663791
51.964405033000006,1686.0936029803281
51.999870920999996,1691.766465850691
52.035244101,1696.2003416143812
52.070439570999994,1704.7648461582044
52.105555769999995,1708.6131673874656
52.140779522,1703.3960493472537
52.176314526,1688.4759602111317
52.211675934,1696.7650156916836
52.247204271,1688.79280783663
52.282576774000006,1696.232805464505
52.318055423000004,1691.157969403041
52.353369279999995,1699.0497526230201
52.388815533,1692.7035983181102
52.424210587000005,1695.1520966740277
52.459440954,1703.076212632279
52.494814602000005,1696.1779005658007
52.530226584000005,1694.3417626271532
