0.04709121899998081,1274.1228890257535
0.08393722000005255,1628.3992393064088
0.12080915800004277,1627.2537668081322
0.1574978150000561,1635.382837806742
0.19420220000006339,1634.6820686407932
0.2309582010000213,1632.386504725275
0.2677756599999839,1629.6616233092288
0.30465306700000383,1627.0124415192079
0.34144412000000557,1630.8312784631948
0.3781501199999866,1634.6101454811476
0.41485044299997753,1634.8629956203608
0.4515451940000048,1635.1112452011296
0.488031453000076,1644.4546973117451
0.5244846389999793,1645.9466670528914
0.5607085530000404,1656.3643564276024
0.5969943420000163,1653.5399023579125
0.6333632050000233,1649.7628754571872
0.6697690990000638,1648.0847853903358
0.7064354120000189,1636.3794199889523
0.743637820999993,1612.7987840798648
0.7805667910000693,1624.740684613624
0.8174644590000071,1626.1190273624122
0.85451879499999,1619.2436966088865
0.8918149549999725,1608.744707230664
0.9288107490000357,1621.805981509617
0.965681281000002,1627.315819583371
1.0026540009999962,1622.8181210365171
1.0395354190000035,1626.8354974851634
1.0769666840000127,1602.938078635204
1.1148188370000298,1585.114590442792
1.1525118740000835,1591.8059348710633
1.190012202000048,1599.986005457249
1.227313519000063,1608.5222942658024
1.2644754070000772,1614.557365868416
1.3016901080000025,1612.266077325744
1.339018612000018,1607.350779446587
1.376167844000065,1615.1074132548422
1.4129581680000456,1630.863593373948
1.4497742730000027,1629.7215579994097
1.4864552730000469,1635.7242168950625
1.5229834070000834,1642.5695328411798
1.5593433110000205,1650.1693733873362
1.5954548290000048,1661.5197400459924
1.631522440000026,1663.5423954185526
1.667388017999997,1672.9132317357003
1.703059377000045,1682.0217026191524
1.7388463610000144,1676.5872195335414
1.774390531999984,1688.0404947424831
1.809987202000002,1685.5509237231881
1.8456715820000227,1681.4079437548123
1.8812645550000298,1685.7259999041964
1.916792110000074,1688.8299799951137
1.952307739000048,1689.3970820576994
1.9876021160000619,1699.9875079244641
2.0233500890000187,1678.4168433850084
2.0597136920000594,1650.0015138745416
2.096002919000057,1653.3832478714457
2.1322417810000616,1655.681130384067
2.169089396000004,1628.3279121347155
2.2061605029999782,1618.5111493984145
2.243196140000009,1620.0612399335803
2.2802068299999974,1621.1532397806973
2.3171953840000015,1622.1234276958576
2.3539895100000194,1630.6950734465252
2.3908096249999744,1629.544068509112
2.4283752140000843,1597.2064220748548
2.466551170999992,1571.669833978103
2.505578903000014,1537.3683513037786
2.5446080940000684,1537.3108809741068
2.5836556190000692,1536.5890667846088
2.622339704000069,1551.025441082559
2.6605776400000423,1569.1223501195807
2.6987185450000197,1573.1142194983431
2.7365451250000206,1586.186221434734
2.7737065439999924,1614.5777425788149
2.8098526969999966,1659.9276830370572
2.845790151000074,1669.5673544339318
2.8810044760000437,1703.8520545275617
2.915948954999976,1717.0094308779348
2.9504121290000285,1740.9888015511567
2.9845492599999943,1757.6169479520709
3.0184651399999893,1769.0828013310822
3.0520240900000317,1787.8986082676668
3.085034286999985,1817.6201735507675
3.117811409000069,1830.5450978840079
3.1502477480000834,1849.777189712234
3.1826717960000224,1850.47838567575
3.215100792000044,1850.1960406039175
3.2472681190000685,1865.2466833801261
3.2792964870000105,1873.3392847274833
3.31109797900001,1886.7039320042204
3.3428681679999954,1888.5628914586493
3.373717936000048,1944.9092777585013
3.4031997260000253,2035.1545818638097
3.433076153999991,2008.2722071081732
3.4626269030000003,2030.4053883704112
3.491192490000003,2100.4294433016257
3.5183043189999808,2213.0561534616286
3.5445819230000097,2283.3131970454315
3.5701549410000553,2346.222882253991
3.5950670680000485,2408.465563780094
3.619406744999992,2465.1107736614235
3.6434851170000684,2491.8628219470056
3.6669521850000137,2556.7744551701007
3.689992373999985,2604.145304540473
3.712663811000084,2646.5018516355062
3.734882798000058,2700.3931367379932
3.756599802999972,2762.811907085601
3.777892325000039,2817.8907129841687
3.7988810440000407,2858.678512013761
3.8195851259999927,2897.9792487365107
3.8398520700000063,2960.485803876485
3.8599980760000108,2978.257824403836
3.879770432999976,3034.539584739715
3.8994374249999737,3050.796990206084
3.9187086340000405,3113.452819685152
3.9378778630000397,3130.0163402504386
3.9568981329999815,3154.529352116646
3.975579807000031,3211.7036192710048
3.9941772610000044,3226.2480660033316
4.012773570000036,3226.4467104681203
4.031101700000022,3273.6563959359232
4.04932055900008,3293.2907598554657
4.067585095000027,3285.054709310674
4.085646087999976,3322.0764771997324
4.103494006999995,3361.7364578994557
4.121520365000038,3328.459359336893
4.139406825000037,3354.4927280189013
4.157309120000036,3351.5256004888474
4.175173393000023,3358.6589277965777
4.193094697999982,3347.970474256062
4.210828241000058,3383.418643400282
4.228722358000027,3353.0573204648363
4.246474131000014,3379.9440765745626
4.264112308999984,3401.711900180482
4.281689653000058,3413.4849952158656
4.2989985070000785,3466.4339996124463
4.316428298000005,3442.382068738056
4.333633765000059,3487.2636703097724
4.35071162700001,3513.320344207736
4.367885792000038,3493.6196315745337
4.3851187600000685,3481.6985675302485
4.402303237000069,3491.52319270453
4.419440162000001,3501.2115650993137
4.4365818270000545,3500.2434127496845
4.453671877000033,3510.8147723426305
4.470768489000079,3509.4672558422353
4.487791299000037,3524.6824701767387
4.504913901000009,3504.1403169972355
4.521855721000065,3541.532137621594
4.538918531000036,3516.41962842605
4.556062748000045,3499.722384519986
4.5731259230000205,3516.3444083580894
4.590277691999972,3498.181441236086
4.607350032999989,3514.4565118481573
4.624487115000079,3501.1794889984235
4.641559352000058,3514.47792108746
4.65882539200004,3475.0295956724804
4.6759717450000835,3499.286408010317
4.693125857000041,3497.7036409782636
4.710287939000068,3496.0793218389945
4.727463041000078,3493.4290346551957
4.744523663999985,3516.870398011162
4.76161168200008,3511.2322564071833
4.778784492999989,3493.89508801538
4.795836939000083,3518.5568099539196
4.813030375000039,3489.7038614126163
4.8301271950000455,3509.4245596536975
4.847287298000083,3496.4825094505
4.864439067000035,3498.181441236086
4.881713805000004,3473.279884193159
4.899041096000019,3462.745561319876
4.916253907000055,3485.7757980306187
4.933544270000084,3470.1411416231554
4.9508953640000755,3457.995213444727
4.96837744700008,3432.085295555731
4.985668436000083,3470.0155092337545
5.003104008000037,3441.240700342869
5.020514373000083,3446.222982679633
5.03795551799999,3440.141114606862
5.055355570000074,3448.2655568907767
5.072652600000083,3468.8036038539226
5.090062079000063,3446.3983672382865
5.107596819000037,3421.7787090136526
5.125025152000035,3442.67004767506
5.142415673000073,3450.1554036171374
5.159927235000055,3426.307716014334
5.177354996000076,3442.783040226747
5.1948142140000755,3436.5800346844426
5.212206036999987,3449.897115460788
5.229601349000063,3449.2051651466613
5.247035514999993,3441.5182234837616
5.2643349410000155,3468.3231686370736
5.281733170000052,3448.626868853911
5.299042387999975,3466.3611030993334
5.316428481000003,3451.0341109935157
5.333713063999994,3471.301563944563
5.351123845000075,3446.1406412338697
5.368401291000055,3472.7354957479997
5.385796968000022,3449.1327931710525
5.403101186000072,3467.362697339397
5.420369466000011,3474.5788231492033
5.43774863200008,3452.409626547232
5.455088267000065,3460.2804499663666
5.472548683000014,3436.3442428963535
5.489853317999973,3467.2791422726027
5.507269931999986,3444.9864939279805
5.5247058690000586,3441.168662157299
5.5421567550000645,3438.2208444877465
5.559541025000044,3451.3960034025345
5.5771012860000155,3416.8057069366796
5.59449118200007,3450.279403615342
5.611914723000041,3443.6168859188742
5.629321025000081,3447.027404204577
5.646621857000014,3468.041305772679
5.664084044999981,3435.9955350446944
5.68134175199998,3476.7075371023516
5.698707635999995,3455.0501431398675
5.71602727100003,3464.276239070725
5.733299197000065,3473.845360377223
5.750470081000003,3494.2871898858384
5.767742267000017,3473.793068228428
5.7850015889999895,3476.38221247018
5.80230106700003,3468.3127433011778
5.81954486799998,3479.5112748155334
5.836861846000033,3464.807774186388
5.854133616000013,3473.8767364359105
5.871379239000021,3479.1436644516834
5.888719759000082,3460.103849237906
5.906003665000071,3471.4375326988625
5.923502831000064,3428.7348322784746
5.940873142999976,3454.169389721076
5.958316477000039,3439.7094041645023
5.975838873000043,3424.1892490037617
5.993253143000061,3445.450196875305
6.010639862000062,3450.9098582657584
6.02798387100006,3459.407798969951
6.045301943000027,3464.5888988171714
6.06257261899998,3474.09678695634
6.079915378999999,3459.6569404138877
6.097243191000075,3462.6414460023607
6.114505481000037,3475.784499051445
6.131831157000079,3463.0683385662373
6.149147459000005,3464.943034618745
6.166529229000048,3451.89241371003
6.183832040000084,3467.644650333137
6.201223133999974,3450.0417282764315
6.218478184999981,3477.242692587668
6.235786933999975,3466.4550280334865
6.2531126100000165,3463.0683385662373
6.270390525000039,3472.6412301439264
6.287676722000015,3470.977450973398
6.3049559400000135,3472.3793634644976
6.322265313999992,3466.3298626555943
6.339537865000011,3473.719660745745
6.356715258999998,3492.9629022916215
6.374038799999994,3463.495136474319
6.391170673000033,3502.2440336711634
6.40842692199999,3477.0012880639183
6.425654420000001,3482.804061272351
6.4428742630000215,3484.3523253915623
6.460119052999971,3479.3117225651895
6.477240509000012,3504.3748615688464
6.494454935000022,3485.448774183159
6.511582536999981,3503.117365766772
6.5286539930000345,3514.6387045025663
6.5457915950000825,3501.0732539962114
6.5629287290000775,3501.1688652266653
6.580122842000037,3489.566458016251
6.597433465999984,3466.079559014381
6.614714142000025,3472.0863929082875
6.631982266000023,3474.6102124358667
6.649159399000041,3493.015976527397
6.66642747100002,3474.620675665078
6.6835912710000684,3495.729383926087
6.7007652800000415,3493.6513658572258
6.717789861000028,3524.315811358061
6.734940639999991,3498.3833679001896
6.752023398000006,3512.3134098104797
6.769057562000057,3522.333118303809
6.785962089999998,3549.344885595725
6.802993024999978,3523.0009391775197
6.82004495000001,3518.6643150193104
6.8371216140000115,3513.5668184369165
6.854274529000008,3497.9477249208494
6.871196243999975,3545.7398969382175
6.888215356000046,3525.4483312496022
6.9051115510000045,3551.095379767317
6.922055193999995,3541.151097201091
6.938958628000023,3549.5746012260297
6.955872374000023,3547.4104908516056
6.972778672999993,3548.973078028831
6.989684243000056,3549.1261164088305
7.006739449000065,3517.9874109974403
7.0237680920000685,3523.4751236483394
7.040976476000083,3486.6725428692644
7.058130641000048,3497.6928343711957
7.0754020980000405,3473.939691366274
7.092653034000023,3478.07214634974
7.109792199000026,3500.753974886681
7.126979227999982,3491.004757142925
7.144252665000067,3473.5414845177384
7.161325734999991,3514.3064487094107
7.178485629000079,3496.5250950672244
7.195553596000082,3515.357159993957
7.212524999000038,3535.3588622079565
7.229675883000027,3498.3619503250857
7.2468659849999995,3490.3806853558367
7.2639034830000355,3521.643846994024
7.281186815000069,3471.5528232567235
7.298459626000067,3473.667372381192
7.315716604000045,3476.8544063785594
7.332874571000048,3496.917787520521
7.350011340000037,3501.2434374318736
7.367219463000083,3486.7254261165062
7.384351596999977,3502.1906786610034
7.401541751000082,3490.3701269712483
7.4187882610000315,3478.9647296858448
7.436040395000077,3477.830626625136
7.453158100999985,3505.1425699402703
7.470452631000057,3469.3050345832066
7.487699035999981,3478.985910412416
7.504930544999979,3481.9933645977076
7.522222628000009,3469.795975412451
7.539522835000071,3468.166594757203
7.556856845000084,3461.4033336749103
7.574143979000041,3470.789316502541
7.59142496700008,3472.02370604423
7.6088541860000305,3442.495042386597
7.626139810000041,3471.0925101671155
7.643420902999992,3472.00261002986
7.660607255000059,3491.142273809243
7.677890951999984,3471.4795104461405
7.695159284000056,3474.5683601491783
7.712443657999984,3471.3435384035292
7.729637562999983,3489.60867237564
7.746928082000068,3470.109833007675
7.764207613000053,3472.3164650736217
7.781471517999989,3475.459347130442
7.798724954000022,3477.568178297138
7.816013078000083,3470.590562619146
7.833275420000064,3475.774028811758
7.850414064000006,3500.8603948014666
7.867554113999972,3500.5732188714674
7.88470952900002,3497.4379809426923
7.901800412000057,3510.64365719838
7.91902093200008,3484.2153430859303
7.936076086000071,3517.998137104663
7.953355042999988,3472.4318140434634
7.970624625000028,3474.3168653335856
7.987836603000005,3485.94449749345
8.005220769000061,3451.416651210417
8.022404413000004,3491.6924489474413
8.03966222400004,3476.686585562635
8.05703587000005,3453.5065351259846
8.074215712000068,3492.46518099147
8.09143696000001,3484.0680536162877
8.108709406999992,3473.7405765414824
8.125883259000034,3493.6833041215327
8.143174508000016,3469.9633323228145
8.160491747000037,3464.7555536956247
8.177760340000077,3474.51584502928
8.19503080700008,3474.1388290188993
8.212169503000041,3500.849772942876
8.229432210000027,3475.7005375835834
8.246476635000022,3520.2126208434165
8.26368934200002,3485.7968592624206
8.280863871000065,3493.545587179985
8.297959286000037,3509.7129844522487
8.315221420000057,3475.815910126098
8.332401054000002,3492.5074655370126
8.34979943899998,3448.595947271763
8.367100478999987,3467.9996115827103
8.384361259000002,3476.088566098844
8.401653342000031,3469.795975412451
8.418923393,3474.2225138830872
8.436170265999976,3478.8915068883553
8.453340993999973,3494.318936274136
8.470587294999973,3479.0068896512676
8.487848648000067,3475.9731754325203
8.504985781000073,3501.169069527574
8.522264373999974,3472.5049661360877
8.539459789000034,3489.302235496501
8.556804059000001,3459.355741124571
8.574001349000014,3488.9218010486156
8.59122629500007,3483.3200638077938
8.608326762000047,3508.6761080898577
8.625564468999983,3480.741377041852
8.64277332200004,3486.577519129432
8.659899622000012,3503.383684747782
8.677160818000061,3476.0047913150374
8.69440363000001,3479.710849957408
8.711719566000056,3465.016271707319
8.728912533000084,3489.799055619764
8.746176542000057,3475.4384106318116
8.763333051000018,3497.2149637282655
8.780576226999983,3479.6373939534365
8.797708725000007,3502.116270488833
8.814957682,3478.4711910422197
8.832143722000069,3491.2056529460497
8.849335908000057,3489.957588874416
8.866565802000082,3482.3197403254067
8.883821686000033,3477.0748343098644
8.901055539000026,3481.5197739021633
8.918177256000035,3504.321441591878
8.935416265000072,3480.478489214417
8.952639701000066,3483.625450811223
8.969749438999997,3506.7749138088507
8.98701698900004,3474.725713830448
9.00414354999998,3503.3302949849053
9.021448914000075,3467.1330807992626
9.038797349999982,3458.525022101314
9.05615110000008,3457.465965549969
9.073508703000016,3456.6984853967883
9.090734014000077,3483.246253132221
9.107954273000018,3484.2681518439304
9.125176095000029,3483.9519302872627
9.14232942600006,3497.862893212421
9.159388486000012,3517.1926237536522
9.176555047000079,3495.1671449957134
9.193729577,3493.5453837909276
9.210869001999981,3500.700869490232
9.228122855000038,3477.484130634667
9.24527931099999,3497.2257673826352
9.262539102000005,3476.287748788384
9.279652016,3506.124088511061
9.296906182000043,3477.4210471748784
9.314134097000078,3482.719760335378
9.331264043000033,3502.6380118278958
9.348552635000033,3470.496614183527
9.365664143999993,3506.411971038865
9.38290414200003,3480.2788260110783
9.400088047000054,3491.6394149010202
9.41722710800002,3500.775217505691
9.434386793000044,3496.567681744475
9.451499864000084,3506.091922359261
9.468725382999992,3483.2041925889885
9.485977518000027,3477.8304250388487
9.503197463999982,3484.3314839754944
9.520418713000026,3484.0678512832687
9.537814024999989,3449.2051651692036
9.555179441000064,3455.1432571347796
9.57254277300001,3455.5579539796227
9.589763293000033,3484.2153430859303
9.607117771000048,3457.3209289236966
9.624296207000043,3492.7510280923448
9.64152526800001,3482.488105423574
9.658717558000035,3489.936477334391
9.67604662000008,3462.391674739603
9.693262608000055,3485.132540757222
9.710540472000048,3472.651480531576
9.727763491000019,3483.7097955997906
9.74503203100005,3474.526508893589
9.762268593000044,3480.9725976689547
9.779415518000064,3499.169676191501
9.796482181999977,3515.625549334489
9.81359962800002,3505.19581016055
9.83081577200005,3485.1009610451842
9.848034417000008,3484.5947518024336
9.865253060999976,3484.5949541736486
9.882486549000078,3481.5935114032554
9.89983686100004,3458.151069567534
9.917055245000029,3484.6475720392095
9.93439227600004,3460.800179682562
9.951670971999988,3472.4842661841462
9.96892716900004,3477.0117656758775
9.98615685499999,3482.3617795572227
10.00341727099999,3476.16187234438
10.020700603000023,3471.5528232567235
10.03804487299999,3459.355741124571
10.055231278000065,3491.131507708466
10.072410963000038,3492.4970975947404
10.089697420999983,3470.925044343613
10.106784554,3511.4141149329234
10.12411694900004,3461.7258607286167
10.141263614000081,3499.2227351415595
10.158522258000062,3476.518780969581
10.175694443999987,3494.022252045333
10.192979338999976,3471.2389054164723
10.21028517100001,3467.0393194550425
10.227554128000065,3474.442608190318
10.244699491000006,3499.488462286168
10.261948707999977,3478.418759535549
10.279212353000048,3475.5116894348475
10.296336309000026,3503.863242820666
10.313586464000082,3478.229615896485
10.33085458800008,3474.6102124358667
10.34807958700003,3483.3093459206675
10.365333856000007,3477.400288594028
10.382561407000026,3482.793346537396
10.399715051000044,3497.7990682292593
10.416809059000002,3510.0018673295776
10.434042027000032,3481.6985675302485
10.451236816999995,3489.4290654396864
10.468328794000058,3510.4189526920354
10.485512438,3491.6924489474413
10.502787332000025,3473.2485189150366
10.520140717000004,3457.5386877012343
10.537324829999989,3491.597151395193
10.55451847400002,3489.6616447271017
10.571739879000006,3484.0362908860643
10.588867117000063,3503.1918164387716
10.605955448000032,3511.1679426219
10.62304534100008,3510.847025188098
10.640272423000056,3482.8881641174744
10.657455389999996,3491.830019821986
10.674530596000068,3513.8668312256964
10.691804502000082,3473.4471751757474
10.70891710400008,3506.1880127878294
10.726120019000064,3487.7809952589114
10.743266579000078,3499.2441632577384
10.760390223000059,3503.9270846829836
10.77749011700007,3508.793680239111
10.794698761000063,3486.6198638326414
10.811947770000074,3478.4607046098495
10.829050424000002,3508.227436528527
10.846266933000038,3485.02707487759
10.863404534999972,3501.0732540194367
10.880566251999994,3496.15367739276
10.897592812000084,3523.9061795031907
10.914773123000032,3492.3698412784242
10.931849579000072,3513.609615476242
10.949016452000023,3495.103621968382
10.966233534000025,3484.911090043786
10.983482127000002,3478.5445978162606
11.000579156000072,3509.381659220193
11.017884155000047,3467.2062101873166
11.034962955000083,3513.1273859916732
11.052013472999988,3518.9546734200576
11.069203107000021,3490.475713437801
11.086164875000009,3537.367095225251
11.10345023800005,3471.1449218541093
11.120540027000061,3510.8683904735685
11.137673203000077,3501.9776835272623
11.15488205500003,3486.5777217540476
11.172024710000073,3500.041271311149
11.18917314500004,3498.861557927259
11.206326164000075,3497.926516602191
11.223408296999992,3512.441918131132
11.240551056000072,3500.020037598314
11.257657877000042,3507.372877760525
11.274853500000063,3489.2600285507747
11.291963549999991,3506.7109681299094
11.309171048000053,3486.852068777529
11.326367922000031,3489.0061996195027
11.343486514000006,3504.9611556890854
11.360598647000074,3506.2841084602915
11.377864790999979,3475.0086643741224
11.39504682100005,3492.0204422730785
11.41216056899998,3505.95322545649
11.429338691999988,3492.8146689817336
11.446522388000062,3491.6818826252165
11.463741658000004,3484.468273057117
11.480789572000049,3519.492179503063
11.497981550000077,3489.9998126976534
11.515083161999996,3508.4411925777895
11.532142795000027,3517.074488055621
11.549225031999981,3512.4205336901164
11.566288987999997,3516.1834688243316
11.583337422999989,3519.384623868799
11.600548672000059,3486.092148208188
11.617622263000044,3514.199209765143
11.634695178000015,3514.338354059632
11.651751061000027,3517.8477713501215
11.668822152000075,3514.713851612137
11.685877618000063,3517.9337814658543
11.70298183500006,3507.906851276065
11.720056936999981,3513.8882333045854
11.737243497999998,3491.0998192099814
11.754327245000013,3512.1100774874994
11.771537555999998,3486.282147954872
11.78871880500003,3492.1791774211592
11.805778438000061,3517.074488055621
11.822821508000061,3520.4924934299397
11.83988358900001,3516.5698721146023
11.85693931600008,3517.879947290073
11.873990303000028,3518.857881962126
11.891140249000046,3498.553289901785
11.908173110999996,3522.602367128491
11.925296077999974,3504.0656213423067
11.942372846000012,3513.5454202965184
11.959465813000065,3510.215634290588
11.976429091,3537.05221362469
11.993527266000001,3509.146443991626
12.010527471000046,3529.369204656163
12.027634813000077,3507.266061547766
12.044619966000027,3532.496881257108
12.061595119999993,3534.57765391248
12.078655637999987,3516.892042786836
12.095634802000063,3533.742886265127
12.112738185000012,3508.0779048320346
12.129851621000057,3506.0171434796516
12.146928076999984,3513.6096154996344
12.164145731000076,3484.795315301362
12.181325834000063,3492.4121234922486
12.198533020000013,3486.9152922606004
12.215637184000002,3507.9177210906296
12.232815672000015,3492.740455385473
12.24986087800005,3520.0513270346582
12.266950823999991,3510.8361372355516
12.284054310999977,3508.0565734957995
12.301051443999995,3530.0070900154938
12.318050712000058,3529.563743555122
12.335163991000059,3506.049308259363
12.352287635000039,3503.9270846829836
12.369271278000042,3532.8109522785335
12.38639893200002,3503.1067302081674
12.403388721000056,3531.5329695897944
12.420477259999984,3511.1252050424664
12.437472986999978,3530.299115773095
12.454553297000075,3512.8168048273337
12.471621784000035,3515.2500628871826
12.488791990999971,3494.4249653032857
12.505927874000008,3501.4244670011876
12.52303969500008,3506.3480385722705
12.540136464000057,3509.4350283425256
12.557359431000009,3483.7203137047063
12.57446755400008,3507.105951935889
12.591568748999975,3508.5267433279546
12.608692289000032,3503.9483658052395
12.625720047000073,3523.6582525931112
12.642838951000044,3504.89727613982
12.65990212600002,3516.3444083580894
12.677048999000021,3499.1802878574263
12.69404217300007,3530.82949658645
12.711105556000007,3516.301544671705
12.728082845000017,3534.1331587135787
12.74512950899998,3519.7502573013567
12.762196069000083,3515.646972772366
12.779311901000028,3505.5263454439755
12.796419555000057,3507.2020979556773
12.813538771000026,3504.833398918981
12.830726477999974,3490.8670481862887
12.847847466000076,3504.4706531915203
12.864955172000009,3507.191437603243
12.882088816000078,3501.8820281172834
12.899211938999997,3504.033697607765
12.91643448900004,3483.8046630639956
12.933572300000037,3501.030557520314
12.950644381000075,3514.510035412089
12.967742035000015,3509.2533747735292
12.984826616000078,3511.938630498422
13.001809008999999,3533.0709871264166
13.018922705000023,3505.963878282978
13.03594259800002,3525.286557325051
13.053034626999988,3510.4082727750147
13.07014665600002,3506.305418246355
13.087247382999976,3508.622762070475
13.104326339000067,3513.095296906876
13.121311805000005,3532.4317861059194
13.13829888500004,3532.0961577784497
13.15528185100004,3532.9517823917377
13.17225466100001,3535.0657905264575
13.189323409000053,3515.1963108161676
13.206291843000031,3535.977450840731
13.223421060000078,3502.787080100357
13.24047715100005,3517.804871004608
13.257596576000083,3504.7906106592786
13.274616520999984,3525.2757867517344
13.291629695999973,3526.678588802004
13.308729381000035,3508.836566274906
13.325979328000017,3478.271556432168
13.343060992000005,3512.5383569212327
13.36031729299998,3476.9908104921983
13.37738536400002,3515.3357400411805
13.394429996999975,3520.16966279993
13.411528170999986,3509.1466492246136
13.428674054999988,3499.382125762378
13.445746188000044,3514.4993305642
13.462824259000058,3513.2773484750824
13.479937434000021,3506.070615191471
13.497056025000006,3504.9613604328106
13.514084251999975,3523.5612022384776
13.531198052000036,3505.9425726481595
13.548184506999974,3532.226117822756
13.565308567999978,3503.84175809615
13.582318357000077,3527.380615929526
13.599386844000037,3515.2500628871826
13.616493509000065,3507.404862367986
13.63359647499999,3508.1634378658937
13.650780848000068,3491.5443234227923
13.667883346000053,3508.259436723826
13.684955375000072,3514.5207403251907
13.701934434999998,3533.764531149635
13.719042141000045,3507.1914375799365
13.736119170000052,3513.491720367606
13.753211355000076,3510.3762333438053
13.770227394000017,3526.085007222194
13.78723306900008,3528.2339571804227
13.804320306000022,3511.3927430283393
13.821376137000016,3517.858496605856
13.838352124000039,3534.4042146072043
13.855454829999985,3508.216769918714
13.872559203000037,3507.8748574892347
13.889677482000025,3505.025242318093
13.906821334000028,3499.796895119413
13.923934769000084,3506.017348346767
13.941072996999992,3500.945371967411
13.958077629000059,3528.4503657453615
13.975186689999987,3506.913675756465
13.992173406000006,3532.171845336752
14.009273351000047,3508.7832153762265
14.02634449499999,3514.7029396625658
14.043361731999994,3525.8367736186483
14.060465323000017,3508.035242418978
14.077574436000077,3506.9030171107042
14.094657505999976,3512.249262009446
14.111653961999991,3530.1476966695845
14.128784376999988,3502.5421158804884
14.145862499000032,3513.266856850361
14.163032914000041,3494.3826343141072
14.180140829000038,3507.148591748965
14.19736436900007,3483.604415810528
14.21442072100001,3517.7510407975483
14.231545198000049,3503.7566402679113
14.248698842000067,3497.7990682292593
14.265715505999992,3525.9554986960893
14.282643524000036,3544.4196715671865
14.29969836500004,3518.062701375332
14.316812061000064,3505.963878282978
14.33394393399999,3502.244033694404
14.350969868999982,3524.035537550615
14.368048199999976,3513.223862450224
14.38515403100007,3507.5758669467004
14.40226928900006,3505.6439114172704
14.419374963999985,3507.6078553031275
14.436568868999984,3489.60867237564
14.453686054000059,3505.2492567988465
14.470800583000027,3505.7932356835636
14.487887456000067,3511.4675458676365
14.504962037000041,3513.9954532465545
14.521991825999976,3523.2380154698412
14.539063854999995,3514.5207403251907
14.556123071000002,3517.1604603620494
14.573141767000038,3525.534506278943
14.59025676500005,3505.6971668919673
14.607469836000064,3485.723146087577
14.62453149999999,3516.655819752566
14.641731915000037,3488.287927926981
14.65880285000003,3514.7459702720735
14.675874463000014,3514.606381954306
14.692840397000055,3536.498491615955
14.709976644999983,3501.349887107674
14.727049351000005,3514.381375742284
14.744126068000014,3513.555913585049
14.761091065000073,3536.6938172633204
14.778185854000071,3509.841507842373
14.795209133000071,3524.585363372121
14.812271058000078,3516.6020246821213
14.829339387999994,3515.2823972993915
14.846404699000004,3515.9042809101925
14.863499644000058,3509.8094787559876
14.880745268000055,3479.143462713151
14.897927089000063,3492.0629192895776
14.915113389999988,3491.152633732208
14.932282555000029,3494.6370426200756
14.94928234300005,3529.4557790912386
14.966351716000077,3515.0676008958467
14.983482131000073,3502.5421158804884
15.000560410000048,3513.234559529589
15.01773348100005,3493.842190484921
15.034989157000041,3477.1167469783527
15.052191395000023,3487.9182580815336
15.06936014300004,3494.721921478458
15.086447797000005,3511.307052455627
15.103673576999995,3483.15141607728
15.120827480999992,3497.7460524444054
15.138055501000053,3482.6985341197737
15.155231228000048,3493.301913800777
15.172298778000027,3515.4430483622077
15.189437526000006,3500.83915114874
15.206652523999992,3485.3329637360052
15.223652053000023,3529.509552875769
15.240811946999997,3496.525095090389
15.257904288000077,3510.3441944974375
15.274964078000039,3517.042120690435
15.292078138000079,3505.8893097172804
15.30935454300004,3472.944747482709
15.326469906000057,3505.622404850134
15.343587508000041,3505.163865829646
15.36068776600007,3508.7189912516455
15.377774483000053,3511.4996052229935
15.394918960000041,3499.669310416526
15.411993436999978,3514.0168568688878
15.429219580999984,3483.077814743699
15.446295100000043,3513.802420868866
15.463362129000075,3515.5503632113546
15.48043743900007,3513.845429454304
15.49751733200003,3512.9025691287106
15.514652591000072,3501.551975365616
15.531674307000003,3524.909004488323
15.548748887999977,3513.9954532465545
15.56596029299999,3486.060551126345
15.583075030000032,3505.750628820681
15.600139454999976,3516.08682977578
15.617335599000057,3489.1543127177797
15.634396326000001,3516.848959613395
15.651447416999986,3518.836419326685
15.668518144000018,3514.7887960417384
15.685737464999988,3484.4579527905234
15.702786317000005,3519.2985427958874
15.720007826000028,3484.015250923582
15.737264700000082,3476.875359918101
15.754373967999982,3506.871246645589
15.771592039999973,3484.7107155801004
15.7885986,3528.050352329008
15.805702868000026,3507.896391702381
15.822751980000021,3519.244873282378
15.839816197000005,3516.1296882275474
15.856929058999981,3506.1347423992015
15.87385921200007,3543.9726976881575
15.890962387000059,3508.120568259449
15.908032541000011,3514.9067782379834
15.925100924000049,3515.271481772443
15.94221024500007,3506.860383292064
15.959423785000013,3485.6281741116272
15.976622586000076,3488.6152819478216
15.993748676999985,3503.426438661241
16.010938571999986,3490.42271636885
16.028145081000048,3487.05248692722
16.04519643200001,3518.7827639069637
16.062270857000044,3514.027558754434
16.07944382400001,3493.863349304895
16.096512727999993,3515.164183948497
16.113761789000023,3478.4502182407055
16.13108777800005,3463.0057770383314
16.148326214000008,3480.5941792022227
16.16540241000007,3513.6631132473976
16.182627512000067,3483.288516956726
16.19972209399998,3509.884008880957
16.21683146600003,3506.8499299579757
16.23386432799998,3522.602367128491
16.251045004000048,3492.2956465606076
16.26812333500004,3513.223862450224
16.285290677000035,3495.0081381277996
16.30244265400006,3498.139019187664
16.319578537999973,3501.424262693702
16.336706713000012,3503.000173682462
16.353767178999988,3516.90276221568
16.370948270999975,3492.211088797216
16.38805602900004,3507.1807772690013
16.40522081900008,3495.527763512815
16.422461078000083,3480.2261381330554
16.439703681000083,3479.7530280086526
16.45693644000005,3481.7407938053116
16.474164564000034,3482.6775103344467
16.49140029199998,3481.1410344946266
16.508623571000044,3483.6572060278904
16.525860965999982,3480.80437909643
16.54310909000003,3478.639184170594
16.560341380000068,3481.8355540596913
16.57745929400005,3505.099978891261
16.594689137000046,3482.3300479299537
16.61180772900002,3504.9611556890854
16.62891606000005,3507.063313182933
16.646236892000047,3464.0368314879206
16.663411838000002,3493.4607654753936
16.680645952000077,3481.467048421385
16.697866053999974,3484.2999188019025
16.715113136000014,3478.8493496964447
16.732261468000047,3498.882573528616
16.749505633000012,3479.4378272372146
16.766629901999977,3503.7991986767192
16.78377802500006,3498.9252176292084
16.80100948200004,3482.0038723405773
16.81824297000003,3481.5935114262234
16.835462656000004,3484.3840938844232
16.852676040000006,3485.659763355932
16.869897862000016,3483.9519302872627
16.88702489100001,3503.2345656693597
16.904203118000055,3492.793522861421
16.921464679999985,3475.931088984957
16.938674677999984,3486.3455533234464
16.955910614000004,3481.0990247312484
16.973135977000084,3483.235737889689
16.99025425700006,3505.0250375669048
17.00736779600004,3505.9960420853645
17.024351856000067,3532.7242131683715
17.041449562000025,3509.242701924174
17.05856992500003,3504.5985882418063
17.07580185000006,3481.9093049607536
17.092981431999988,3492.5180368333845
17.110090857000046,3506.839066759819
17.127230282000028,3500.700869490232
17.144321165000065,3510.64365719838
17.161538612000072,3484.8372119266387
17.178648349000014,3506.7751187645335
17.195753450999973,3507.7253558699626
17.21286683400001,3506.0280015862245
17.230212145999985,3459.147924239517
17.247260632999996,3519.3738893053387
17.264396308000073,3501.4669687497535
17.281559952000066,3495.7611565483835
17.298703543999977,3499.8499731159436
17.315840209000044,3501.2646859682186
17.333002603000068,3496.0157656277047
17.350107132000062,3507.8428643093116
17.36732650600004,3484.4472278768794
17.384436660000006,3506.689653414067
17.401669731000084,3481.6777578255715
17.41890004200002,3482.2354628553794
17.436135249000017,3481.2462652757317
17.453372175000027,3480.8990883854012
17.470568528000058,3489.1119064543022
17.487719202999983,3498.4045817591073
17.504956076999974,3480.909589524821
17.52207024100005,3505.868004988751
17.53919367700007,3503.969647209263
17.556294976999993,3508.5052013749537
17.57339252600002,3509.2749258916583
17.590501066,3507.0204704823655
17.60772345999999,3483.8362192878826
17.624954968999987,3481.9933645977076
17.642060644000026,3507.6078552798153
17.659288403000005,3482.751296908187
17.676386525999987,3509.157116255479
17.693525587000067,3500.77521748247
17.710655740999982,3502.5954816458766
17.727643967000063,3531.85788791107
17.74477235100005,3502.95743019537
17.761888703000068,3505.4198464686046
17.779083857000046,3489.3551985679314
17.796198022,3505.8678001623775
17.813299999000037,3508.3663134306094
17.830489736999994,3490.454595651909
17.84759963099998,3506.7429406662163
17.864709681000022,3506.710968106609
17.881822908000004,3506.0599616930454
17.898963374999994,3500.4880555491527
17.91620785200007,3479.3748746183214
17.933417329999997,3486.4508964336105
17.95064977700008,3481.8038320216924
17.96775711800001,3507.2662665841717
17.985108888000013,3457.8604949226237
18.002248157000054,3500.732732525469
18.019623937999995,3453.0821952810015
18.036741644000017,3505.142569916991
18.053979299000048,3480.751877206772
18.071090964000064,3506.3800045141447
18.088192993000007,3508.355645999605
18.10530580300008,3506.1453963287963
18.122429499000077,3503.916444207162
18.13962626800003,3489.027502792398
18.156740693000074,3505.8145394800836
18.173884284999986,3499.8499731159436
18.190973814000017,3510.921804801568
18.208089958000073,3505.46244526826
18.225171048999982,3512.6561880806926
18.242490266999994,3464.359649492275
18.25950406700008,3526.549036646504
18.27661875199999,3505.7612804625987
18.293767709000008,3498.7550554787886
18.310899582000047,3502.2440336711634
18.328032653000037,3501.999145397665
18.345179993999977,3499.084785227477
18.362349003000077,3494.6687953657024
18.37942358400005,3513.9954532465545
18.396641551000016,3484.7319663303956
18.41370285100004,3516.7308469998757
18.43081883900004,3505.4943950649154
18.447947065999983,3502.989538858692
18.465184408000027,3480.815081573877
18.482282948000034,3509.0715347613195
18.49939487300003,3506.3267282914453
18.516426432000003,3522.8718639373915
18.533583669999985,3497.06636931098
18.55059950100008,3526.1281097389547
18.567691008999986,3510.5152804728614
18.584801372000015,3506.646819819002
18.601915484000074,3505.8786573206494
18.61902511699998,3506.79643451936
18.636141730000077,3505.3663946047727
18.653261207000014,3504.7799649615044
18.670489955999983,3482.5511707267956
18.68759172400007,3508.4091890200425
18.704833285000063,3479.9633281481365
18.72193375200004,3508.6761080898577
18.739063750000014,3502.6273791797507
18.75619598800006,3502.1694188373654
18.773291298000004,3509.734541239239
18.790401296000027,3506.7216255616986
18.807516346000057,3505.6865156629274
18.824627072999988,3506.5722222230297
18.841817436000042,3490.327691149428
18.858895819000054,3513.213165435999
18.876001390000056,3507.629181159368
18.892995917999997,3530.5481858753656
18.910014405000084,3525.5778025211293
18.927011642000025,3529.985491183475
18.944121275000043,3506.7964344960587
18.96134736800002,3483.0881268365147
18.978454500999987,3507.308910272301
18.99556830100005,3505.9425726481595
19.012763247000066,3489.3974078161027
19.029846943000052,3512.1205622043967
19.046918659000085,3514.5851770195095
19.064022250999983,3508.0350373392894
19.08117303000006,3498.3833678769997
19.09832479900001,3498.181441236086
19.115529380999988,3487.4430544189577
19.132634274999987,3507.7680107227197
19.149750939,3505.355950198691
19.166861354000048,3506.636162818599
19.18407718600008,3485.16412101856
19.20119483999997,3505.1532178642515
19.218427025999972,3481.856567703958
19.23554931600006,3504.204168933594
19.252646709000032,3509.3069452225204
19.269709519000003,3516.41962842605
19.286831601000017,3504.2467382149835
19.303824150000082,3530.9593634109983
19.320930814000008,3507.40506742062
19.338124094000023,3489.7355245740064
19.355236800000057,3506.166704428815
19.372458934000065,3483.888814241762
19.389557837999973,3508.9968339678917
19.406712576000018,3497.5760049406467
19.42374200100005,3523.3133238430323
19.440860905000022,3504.89727613982
19.457980851000002,3504.683951694172
19.475189754999974,3486.5671863878165
19.492267982000044,3513.245256650709
19.509333760999994,3515.807863220155
19.526488134000033,3497.6504241724338
19.543594174000077,3507.5330117224594
19.56065938000006,3515.9259138188427
19.577761721,3508.291642659219
19.594909792000067,3498.935827812482
19.612105676000056,3489.2070683914217
19.62918692400001,3512.6239019632217
19.64627098400001,3512.04573151775
19.663515513999982,3479.36418099545
19.680563011999993,3519.578063593961
19.697641342999987,3513.223862450224
19.714721339999983,3512.8811790782756
19.731802171000027,3512.7096567986587
19.748903211000084,3508.5585437961972
19.766113990999997,3486.187145515777
19.783157060999997,3520.4924934299397
19.80024237100008,3511.788782275814
19.817335650000018,3510.1515630922127
19.834411377000038,3513.759619132561
19.851511791999997,3508.686777493061
19.868716790000008,3487.3587314547426
19.885791005999977,3514.0705728514117
19.902929493999977,3500.8922607407508
19.92001235600003,3512.292026934199
19.93709053100008,3513.2559538603573
19.95428365500004,3489.7671883330568
19.97122005799997,3542.6648740138453
19.988296201000026,3513.674018764697
20.005451512000036,3497.4591833376544
20.02255208300005,3508.6547694781148
20.039638851000063,3511.489124213243
20.056758537000064,3504.7371780064664
20.073828847000073,3514.8746566389837
20.090891449000083,3516.462494991381
20.107966030000057,3513.9954532465545
20.125024725000003,3517.2678801156676
20.142212588000007,3490.835364465433
20.159412013000065,3488.488714000478
20.17646654200007,3518.1270617310856
20.193503883000062,3521.6762991379546
20.21056877700005,3515.9901960157285
20.227637836999975,3515.132057668063
20.244602261000068,3536.813274631043
20.261706009000022,3508.003041214191
20.278825174000076,3504.843840211348
20.29582392100008,3529.6719222888396
20.31296730400004,3499.8926408011175
20.32993547800004,3536.0316319248323
20.347050164000052,3505.7610756021204
20.364013598000042,3537.0196859925036
20.381036825000024,3524.5961297505605
20.398179688000027,3499.9988041663255
20.415242550000016,3516.408911942158
20.432216974000085,3534.7296615047962
20.449286503000053,3515.0354763807914
20.466257073000065,3535.5323951969062
20.48337962300002,3504.150958832789
20.500453787000083,3514.0812750641435
20.517458420000025,3528.4501582717917
20.53439237500004,3543.177007376799
20.551438570000073,3519.8470978349546
20.56836049399999,3545.696104077522
20.585408409000024,3519.491973058172
20.602335853,3544.539860837071
20.619298610999977,3537.1606433388724
20.63621944099998,3545.925347632889
20.65328209500001,3516.451778246211
20.670383082000058,3508.569417649892
20.687484068999993,3508.569417673217
20.704566097999987,3512.4633028091594
20.73878890700007,1753.2166924068663
20.75578520600004,3530.1803057303637
20.772348742000077,3622.414923955413
20.78929775000006,3540.030189380959
20.823279566999986,1765.6501416663598
20.85746237500007,1755.2683208429069
20.874426382000024,3536.9002146813473
20.908464502000015,1762.729551456301
20.92560147900008,3501.200941086441
20.942939604000003,3460.5818103320644
20.960378718000015,3440.541761465457
20.97797606300003,3409.6052557903554
20.995680334999975,3389.012550201558
21.01354247300003,3359.06037674859
21.031656122000072,3312.419270123803
21.049753053000018,3315.4792931564357
21.06812186100001,3266.4068348925607
21.086508689000084,3263.205594774404
21.10492900700001,3257.2727571935293
21.12339948200008,3248.4275580225385
21.141970582,3230.826391558229
21.160601943000074,3220.3766541670107
21.17919585599998,3226.862468395389
21.19793997900001,3201.003322475739
21.216597277000005,3215.8997514013126
21.235469265000006,3179.315289941765
21.254326720999984,3181.765345233753
21.273123759999976,3191.992100459333
21.29210475900004,3161.0559591619854
21.311073883000063,3163.0348349205515
21.33005003800008,3161.8628747468374
21.349126296999998,3145.2707787340246
21.368325318000075,3125.159350560642
21.387569339000038,3117.8515134708555
21.406999924000047,3087.915263486494
21.426381081000045,3095.7904112745305
21.44590244699998,3073.555405917734
21.465526210000007,3057.517561739703
21.48519080699998,3051.16855433552
21.50497259100007,3033.093476287733
21.524834481000084,3020.860552543232
21.544682099000056,3023.032789127939
21.564784771000063,2984.6778577483797
21.58488395300003,2985.1961139561777
21.605205272000035,2952.5642503809686
21.625509144000034,2955.1013717975306
21.645896609000033,2942.984819348717
21.666312772000083,2938.8480097780066
21.68680476999998,2927.9721772518074
21.70740556999999,2912.508252105148
21.72819460000005,2886.1375446486445
21.749045245000048,2877.6088221736936
21.77000250499998,2862.96968211469
21.791015912000034,2855.3199393055647
21.812165621000076,2836.918465397353
21.833520227999998,2809.69816022471
21.85496764800007,2797.539284435975
21.87652110900001,2783.7756544143167
21.898096707000036,2780.9194442687367
21.91976168000008,2769.4472547868786
21.941427486000066,2769.34077596907
21.963222825000003,2752.882164401049
21.98526134100007,2722.5063611279584
22.00742574399999,2707.0433613852488
22.029642075000083,2700.71597329654
22.051895436999985,2696.2218113499553
22.074251194999988,2683.8723160266386
22.09651330700001,2695.1620762640446
22.119025264000015,2665.2502934322324
22.14161435699998,2656.1491424243054
22.164471785000046,2624.967253525963
22.187249161000068,2634.1928060520445
22.21037190300001,2594.8479639721004
22.23330589400007,2616.2040440255537
22.256286083000077,2610.9445836140235
22.279249553,2612.845532500219
22.302372816000002,2594.789498350394
22.325457537000034,2599.12173077235
22.348709447000033,2580.4331773175827
22.372128909000025,2561.9717481135585
22.39584623799999,2529.795829879898
22.41942476400004,2544.688332081055
22.443142145000024,2529.790283338735
22.46690671400006,2524.7670176517113
22.49070482500008,2521.208511043237
22.514545488000067,2516.7085328135454
22.538583443999983,2496.0524929911185
22.56269614000007,2488.315698907336
22.586985659999982,2470.2011402538838
22.61112007400004,2486.0765212634856
22.65948598800003,1240.5430816424937
22.68361467300008,2486.666803428125
22.707856433000075,2475.067816858658
22.732312202999992,2453.40874567441
22.756806256000004,2449.574188476288
22.781592341000078,2420.7130734774096
22.80638926000006,2419.655441873371
22.83124279399999,2414.1435982571825
22.855939868000064,2429.437592478435
22.88089564200004,2404.2532201187037
22.905744905000006,2414.558532383254
22.930895263000025,2385.651925907168
22.956040777999988,2386.1113999887693
22.98153947100002,2353.061782418658
23.006942278999986,2361.9436087568647
23.032681912000044,2331.035566818925
23.05830852300005,2341.316220080123
23.08419539600004,2317.7770447601883
23.110098676000007,2316.308977090122
23.136231123000016,2295.996237932836
23.162491435999982,2284.8166356614797
23.188968520999993,2266.1104876150953
23.215641909000055,2249.4330303993806
23.24262102900002,2223.9420707598674
23.269664471000056,2218.652492531128
23.296850883000047,2206.9848717078967
23.323978858000032,2211.7389889969104
23.351211937000016,2203.2029503544154
23.37858006900001,2192.3308466948647
23.40613736800003,2177.2815978790363
23.433877585999994,2162.9246028304765
23.461843117000058,2145.4983279188864
23.48991614900001,2137.2824994500957
23.518073191999974,2130.9055784044954
23.546410132000005,2117.3775291169136
23.575110824000035,2090.541928394564
23.60372578700003,2096.805087604326
23.632557365000025,2081.0515470228793
23.661543005999988,2069.9904480317255
23.69060364799998,2064.648124429594
23.719875021000007,2049.7842721604206
23.749323999000012,2037.4221475526253
23.778947457000072,2025.4218801828729
23.809380971999985,1971.510684854211
23.838663386000007,2049.011396394941
23.868777939999973,1992.392117116173
23.899021714000014,1983.8793928270275
23.929578407000008,1963.5632691015228
23.960422289000007,1945.2804287087317
23.99150570400002,1930.2898346265063
24.022856306999984,1913.83878645231
24.054697331000057,1884.36150796728
24.086909709999986,1862.6379628816358
24.11953714399999,1838.9432647381948
24.152261558000077,1833.4934889847925
24.185129723000045,1825.4745891673101
24.218198357999995,1814.4081241965819
24.25144199400006,1804.8567250550311
24.284758599000043,1800.9037835647657
24.31807405799998,1800.9657318578136
24.351536757000076,1793.0412606534233
24.385150343000078,1784.992532483671
24.41892163800003,1776.6567731585783
24.45300798800008,1760.235402145078
24.486891001999993,1770.7987843158292
24.521040164000055,1756.9977266174278
24.553431034000027,1852.3738325044033
24.583701787999985,1982.111182301058
24.61394035400008,1984.221077144139
24.643709124999987,2015.5350047936179
24.672685600000023,2070.6452389369565
24.700628058000007,2147.269935953172
24.728194577000068,2176.553376212188
24.75507359100004,2232.224738603085
24.781479113000046,2272.2519933516037
24.807126193000045,2339.4476096305216
24.832640200000014,2351.649429275109
24.85740680599997,2422.6169706137057
24.881857836999984,2453.88425543159
24.906026106000013,2482.5940161427484
24.93007625000007,2494.7875571912377
24.95377441200003,2531.8419209093986
24.977738982000005,2503.696081342634
25.00124771600008,2552.2429238345903
25.024751971,2552.729282430029
25.04788106700005,2594.135110160632
25.070827610000038,2614.7729529467024
25.093472797000004,2649.569641446942
25.11590048300002,2675.2648489889275
25.13817769900004,2693.3347506234627
25.160428353000043,2696.5499530930247
25.182231972000068,2751.8367478321707
25.20399408100002,2757.085721799057
25.225596867000036,2777.41954208839
25.247009755000022,2802.0508023036723
25.268307590000063,2817.1877564026504
25.28932511100004,2854.761034856023
25.310315184000046,2858.494108142424
25.33133494499998,2854.456813290511
25.35228397600008,2864.0942867339863
25.37300894400005,2895.0587523268314
25.393323284000076,2953.5786050602533
25.413596738000024,2959.5351635766183
25.43378644200004,2971.8117709872126
25.453878020000047,2986.3259122793775
25.473667357000068,3031.935834936706
25.493255181999984,3063.1272231733083
25.51276003800001,3076.1570349414633
25.53199676700001,3119.0333866013407
25.551198288000023,3124.7524610137657
25.570198349000066,3157.88459836344
25.589089712000032,3176.054581138891
25.607918262,3186.6500606847935
25.62659613300002,3212.3575540235493
25.645019837000063,3256.674119376939
25.663543489000062,3239.102094986637
25.681906515000037,3267.435334464115
25.70028047900007,3265.490233892316
25.71869355800004,3258.5533359248634
25.736923250000018,3291.333720837149
25.755037680999976,3312.2762729968545
25.773369821000074,3272.940311370089
25.79161357600003,3288.796632060626
25.809877331000052,3285.195185761715
25.82823754399999,3267.9359438915717
25.846582966000028,3270.570717853969
25.86512229599998,3236.362910641937
25.883609489000037,3245.4899994726165
25.90203902600001,3255.64337292266
25.92042423999999,3263.4920648774887
25.939022632000047,3226.0853518848626
25.95758331600007,3232.6394867737267
25.976151343000083,3231.3610918355594
25.994752079000023,3225.6788118596764
26.013247919000037,3243.9726987232875
26.031825476999984,3229.7032796329054
26.05040459899999,3229.431401547504
26.06897747000005,3230.5183188859223
26.087792270000023,3188.978888964362
26.106594048000034,3191.1875568345254
26.125438640000084,3183.9373333123654
26.144382034000046,3167.33104955328
26.163344490999975,3164.146924642875
26.182283771000016,3168.0190587958787
26.20132872800002,3150.4402976589863
26.220191496999973,3180.8691502372944
26.23923692300002,3150.362717003503
26.258202557000004,3163.6168872632593
26.277088554999978,3176.9568121358798
26.296067418000007,3161.411724185328
26.315144771000064,3145.0904116425804
26.334490668000058,3101.432825783125
26.35382125199999,3103.889670390388
26.373088503000076,3114.0924047611898
26.392631951999988,3070.082460893751
26.41241628900002,3032.7020814445564
26.43218015700006,3035.842983765918
26.451750951000008,3065.792833962888
26.471256536000055,3076.04206691852
26.490504203,3117.260912721071
26.50966134800001,3131.990701118249
26.528674118000026,3155.773724709477
26.547613189000003,3168.0540191265304
26.56651892700006,3173.6396643081025
26.585637374000044,3138.3302210715524
26.604964469000038,3104.449996236788
26.624555263000047,3062.6630038563103
26.64393329500001,3096.2896541874748
26.663568568000073,3055.7252756204934
26.683247800000004,3048.8994692583665
26.702881095000066,3056.033131464145
26.722332513000083,3084.6080218906295
26.741709711999988,3096.4227595688226
26.761111546000052,3092.4911531457483
26.780563015999974,3084.5997757620044
26.799896934000003,3103.354426139019
26.819182882000064,3111.0734095005987
26.83845945500002,3112.5864540411603
26.857702070000073,3118.079325488514
26.876829215000043,3136.9030767578197
26.895870527000056,3151.0433734796725
26.914905693000037,3152.060770053766
26.93392965999999,3153.9163204051442
26.952928887999974,3158.0230523076966
26.971931865999977,3157.399855958892
26.990845573,3172.3024999765007
27.009742560000063,3175.1093441405965
27.02858709999998,3183.9461191549626
27.047611535999977,3153.838568460863
27.06635269000003,3201.510429924823
27.085233792000054,3177.780618945168
27.104082290000065,3183.277521634049
27.122968548000017,3176.913076171664
27.14179642099998,3186.7646441058614
27.16068413800008,3176.667672418493
27.179446125000027,3197.955525721568
27.198328477000018,3177.570251842948
27.217006504999972,3212.330552248243
27.235628491000057,3221.997911486301
27.254293134000022,3214.6342150830787
27.273046683000075,3199.39441861544
27.291694867000047,3217.47147068539
27.31028070700006,3228.2640978268337
27.329015401999982,3202.61418722072
27.347729680000043,3206.1081918203536
27.36635020799997,3222.250196139997
27.384895734999986,3235.281477843806
27.40335897099999,3249.7011899751724
27.42187767500002,3239.967548479771
27.44035330600002,3247.5210183617673
27.458906749999983,3233.9009404464305
27.47738649500002,3246.798048343365
27.49591535600007,3238.1914894735696
27.514501404000043,3228.2279697158765
27.533054744000083,3233.919067934521
27.55164443800004,3227.5948167915053
27.57028225800002,3219.2606216854624
27.589034036000044,3199.6965834346415
27.60754315700001,3241.645024640115
27.626243424999984,3208.510166810448
27.645014370000013,3196.4293752876697
27.68224240500001,1611.68861047871
27.70060209799999,3268.0285013516987
27.719129812000006,3238.391957040705
27.737503619999984,3265.517959046397
27.755903834000037,3260.8316403182716
27.774208162000036,3277.9132891413674
27.79254478100006,3272.1408455899436
27.810778691999985,3290.5721652500956
27.829026301,3288.1020192812716
27.84712318000004,3315.488819915591
27.865225059000068,3314.5730340981245
27.88329464600008,3320.4964784172903
27.90150746300003,3294.3832906336784
27.919698143999994,3298.392182245231
27.938024607999978,3273.953993528396
27.956228727000052,3295.9573599664022
27.974451335000026,3292.613219802935
27.992664621000017,3294.2984588299696
28.010843583999986,3300.518296896478
28.02899103599998,3306.2492740038947
28.04703567399997,3325.0874858241104
28.06518411600007,3306.0689176337696
28.083360683000024,3300.953364854248
28.10148928000001,3309.688002885468
28.119625326000005,3308.3286180469704
28.13785981000001,3290.468762372783
28.156081377000078,3292.801327118229
28.17420065200008,3311.3907703254076
28.19228789500005,3317.255150500592
28.210379201000023,3316.5101513448844
28.22851102800007,3309.0984157218672
28.246481551999977,3338.8008051580346
28.26450426300005,3329.132892369082
28.28248338100002,3337.204861778896
28.300579635000076,3315.6033287227783
28.31857916900003,3333.419631872133
28.336558026000034,3337.25330814916
28.354473654000003,3349.0313596656742
28.372485220000044,3331.1928568489398
28.390386160000048,3351.779292036413
28.408382465000045,3334.0177330852202
28.426337676000003,3341.6482825036946
28.444318565000003,3336.8761689146017
28.462264557000026,3343.3649140111174
28.480114039,3361.4420855511025
28.49796617700008,3360.941977914934
28.515855294000062,3353.994498446288
28.533723733999977,3357.8756735497545
28.551578475000042,3360.4519942228594
28.56939207100004,3368.2138070276424
28.587112750000074,3385.874773753299
28.60473004200003,3405.7447648682437
28.62238452300005,3398.570595189072
28.640009940000027,3404.174777826807
28.657611815999985,3408.7275697285654
28.67509759799998,3431.3592609137872
28.69262561900007,3423.0903762435373
28.710143223000046,3425.1259475941474
28.72781989100008,3394.304854279064
28.74538510000002,3415.843215996117
28.763115518000063,3384.014973581451
28.780961562000016,3362.089659767698
28.798700002000032,3382.4845927795423
28.81640380500005,3389.1023301569894
28.834181151000053,3375.081972302912
28.851806463999992,3404.194864522739
28.869418548,3406.751864230105
28.887019747000068,3408.85868057996
28.904694905000042,3394.594831915302
28.922289279999973,3410.1808106418575
28.94001886500007,3384.1739668283562
28.957614594999995,3409.918201759989
28.975358503000052,3381.442239207285
28.99298095200004,3404.7481141835074
29.01049355600003,3426.1038506915247
29.02805808800008,3415.9748748116317
29.04558272400004,3423.7515689415995
29.06301105700004,3442.67004767506
29.080519234999997,3426.9699565623755
29.09802387000002,3427.6635873824994
29.11540668200007,3451.685492532784
29.132872463000012,3435.288693943911
29.150469391,3409.6860542952404
29.167974234999974,3427.622662623749
29.18556486099999,3410.907604990853
29.203103612000064,3420.996170123215
29.220611372000008,3427.0517759091863
29.23807027800001,3436.641448209544
29.255629810000073,3416.947558726606
29.273133717000064,3427.8061463666545
29.290630695999994,3429.1634001642037
29.308110227000043,3432.586377736999
29.325592311000037,3432.0850992376604
29.343099393999978,3427.1843002172986
29.360485019000066,3451.127008646276
29.377988300000084,3427.928740899488
29.39544705000003,3436.67215580641
29.412911061000045,3435.636864861502
29.430351165000047,3440.346456649163
29.44778772699999,3441.0453161692362
29.46523632100002,3438.6724798512996
29.482776946000058,3420.6306787740223
29.500020329999984,3479.5954204962522
29.517335434000074,3465.182767581826
29.53450668200003,3494.213117192188
29.551647565000053,3500.4031005820375
29.568790428000057,3499.9988041663255
29.585951676000036,3496.2492238368645
29.603321728000083,3454.221092708245
29.620610684999974,3470.4233459760735
29.638028185000053,3444.81125303453
29.655440580000004,3445.8212095560802
29.672866101000068,3443.2255999565455
29.690268496000044,3447.80129402196
29.70762542300008,3456.8331133657325
29.724927297000022,3467.8324440581296
29.74237240100001,3439.3604073691
29.759710056000017,3460.675621932735
29.777065419999985,3457.144430973042
29.794514483000057,3438.580054399073
29.811967450999987,3437.8106921551753
29.829413596999984,3439.154985863847
29.84690651400001,3429.9596802470314
29.864340212000002,3441.6106095236887
29.881679378000058,3460.3740456608894
29.899153440000077,3433.6607023560764
29.916474376999986,3464.0158324181175
29.93382317800001,3458.452258453573
29.951232344999994,3446.4601321855466
29.96861375000003,3451.964901564113
29.98602151,3446.738695852103
30.00338801999999,3454.925601058671
30.02082765600005,3440.438779787828
30.038225624000006,3448.678604314945
30.055681353000068,3437.266928226634
30.07322927000007,3419.209242897275
30.090549165000084,3464.2242346129037
30.10802551900008,3433.210382441005
30.12546244600003,3440.9732861860434
30.142917290000014,3437.4412054356076
30.16030317500008,3451.075398219234
30.17787426899997,3414.6991644557256
30.195323800999972,3438.4876339375824
30.21267041400006,3458.888487320387
30.230003591000013,3461.5696822432446
30.24733004799998,3462.9122387867856
30.264643329000023,3465.5476336260463
30.281958379999992,3465.1933742562233
30.299310149999997,3457.8604949226237
30.316601033999973,3470.0365811303827
30.33407910699998,3432.8727200062262
30.35137983599998,3468.0619527653757
30.368855409000048,3433.363815868043
30.386365409000064,3426.6133637890503
30.40369879299999,3461.528343239641
30.42095347999998,3477.316047519891
30.43830097900002,3458.7118292882687
30.455612488000043,3465.9023658721862
30.472897331000013,3471.2493483512067
30.490299361999973,3447.8734120250756
30.50773941400007,3440.35671451355
30.52512665300003,3450.806651944126
30.542552017000048,3443.2566229282334
30.56002774700005,3433.332970925763
30.57735409999998,3462.933024638318
30.594529254999998,3493.4182544458426
30.61183888900007,3466.2777965006917
30.62903664800001,3488.826654694033
30.646346959000084,3466.1422316296926
30.663726178000047,3452.3990980335448
30.681061698000008,3461.101830238529
30.69845586400004,3449.4324131374387
30.715662946000066,3486.936367241419
30.733021486999974,3456.5116964794956
30.75029632899998,3473.2589739448013
30.767529141000068,3481.7300855885946
30.784791900000073,3475.6900678497304
30.80199252300008,3488.2457455158697
30.819203302999995,3486.187145515777
30.836552781000023,3458.3173049876305
30.85379252000007,3480.331111731833
30.871033925000006,3479.9948148206245
30.888308455000015,3473.3217054223473
30.905490901000007,3491.9358978358555
30.922678243000064,3490.941182167816
30.939871314000015,3489.7779460207717
30.95699089599998,3504.758468993377
30.97424740500003,3476.9489008367714
30.991543445000048,3469.002153090137
31.008789954999997,3478.9647296858448
31.026051203000065,3475.9943197481202
31.043305421000014,3477.4105670961235
31.060549430000037,3479.4693043779844
31.07774317799999,3489.6405367904536
31.094958073000043,3485.3538171344685
31.112114581000014,3497.2151675679966
31.12928452699998,3494.4780839796745
31.14651634900008,3481.9301174104357
31.163755827000045,3480.3838028113146
31.181010721000007,3477.274331568417
31.19817691800006,3495.2412581435688
31.21538358300006,3487.0208724345102
31.23254113300004,3497.0027772073227
31.249587537000025,3519.8039422305983
31.266713471999992,3503.4583513317443
31.283861021999996,3499.042137214074
31.301115657000082,3477.3265270289344
31.318323310999972,3486.8204579418175
31.335535966000066,3485.807389950738
31.35272601600002,3490.3912437812196
31.369994244000054,3474.5892861664925
31.387195285000075,3488.1609781597595
31.40439101200002,3489.238925472348
31.421427051000023,3521.9454475295183
31.438598612000078,3494.149425309029
31.455775277000043,3493.111148183939
31.47299001500005,3485.3856038921876
31.49024491,3477.2741300466137
31.507405480999978,3496.387154021942
31.524660115000074,3477.3267285568113
31.54179349800006,3501.9353737698298
31.559036881999987,3479.5954204962522
31.576155735000043,3504.9077178127854
31.593395004000058,3480.425997178143
31.61052208500007,3503.2239293991006
31.627752917000066,3482.130172240967
31.644990156000063,3480.835880967509
31.662088330000074,3509.1466492246136
31.67921718299999,3502.8615167804487
31.696374733000084,3497.0027771841515
31.713420460000066,3519.943737223119
31.730548791000047,3502.9682693583686
31.74770790399998,3496.68424004376
31.764836235000075,3502.968269335118
31.78208217100007,3479.0805207683766
31.799218836000023,3501.2646859914466
31.81648154300001,3475.7005375835834
31.833649666000042,3494.8491457035957
31.850794456000017,3499.6054194940925
31.86787002699998,3513.791720354578
31.885104661000014,3481.3620062883106
31.902158772999996,3518.213085504627
31.919422886000007,3475.4174743854264
31.936552206999977,3502.7658130817863
31.953727935000074,3493.3017103938464
31.97093381800005,3487.1793560429355
31.98814735899998,3485.6279716203844
32.00524246100008,3509.777244947381
32.02231594800003,3514.2206158697036
32.039427456,3506.4121759521254
32.05664349599999,3485.122014122953
32.07377818200007,3501.6690705468036
32.09098547200006,3486.894217511497
32.108072031999995,3511.5318706758358
32.12528244700002,3486.261080858438
32.142386664000014,3507.906851276065
32.15958317299999,3489.080254608307
32.176805306999995,3483.888814241762
32.19403301400007,3482.7618092030602
32.21111978200008,3511.489124213243
32.228254468000046,3501.669070570037
32.24537550700006,3504.460214122557
32.262615037000046,3480.3733048440163
32.279753056000004,3500.988066365577
32.296857585,3507.8428643093116
32.31409794900003,3480.2049423023545
32.331194247999974,3509.531507386023
32.34843133000004,3480.8675853472932
32.36565263099999,3484.057331102669
32.38273091000008,3513.2345595062025
32.399902783000016,3494.085939269134
32.41715689700004,3477.431527339715
32.43425606100004,3508.943478172155
32.45144678899999,3490.25358322165
32.46867668300001,3482.3197403254067
32.48581230600007,3501.477594353923
32.50293298100007,3504.534721907658
32.52011001100004,3493.036921988391
32.571443129000045,1168.836071870743
32.58855323099999,3506.700310739599
32.605639792000034,3511.5316651403887
32.62286635300006,3482.993500554013
32.64010749700003,3480.047495694723
32.65728556800002,3492.8252421379075
32.674387389,3508.398316182816
32.69155296000008,3495.3687238093153
32.708700979000014,3498.9464380833015
32.725781289,3512.816804850715
32.74294373600003,3496.0049694479217
32.76008191100004,3500.9561986589633
32.77714289800008,3516.7953647624618
32.79429029200003,3499.07397008429
32.811454092000076,3495.729383926087
32.82858455899998,3502.5314838377844
32.84573419200001,3498.6171424130084
32.86280023200004,3515.7540940891463
32.880038979999995,3480.5311847565213
32.897241062000035,3487.949888848405
32.914462936000064,3483.9414107837015
32.93160220499999,3500.73273254869
32.94871475500008,3506.198667041168
32.96587506499998,3496.4403323930715
32.98305386599998,3492.676817200451
33.00007594600004,3524.8336278402026
33.01724500700004,3494.658211068474
33.03437370300003,3502.8936236622226
33.051484586000015,3506.5402527763667
33.068607084000064,3504.1616007097136
33.085840104,3481.6880616529183
33.10293781000007,3509.24270190084
33.12006181800007,3503.8526027325806
33.137161347000074,3508.8685776068683
33.15428134500007,3504.6733066210604
33.17133066600002,3519.201732443994
33.188552748000006,3483.8993334277025
33.20563873499998,3511.649634293556
33.22285467100005,3485.1430674320673
33.23998591899999,3502.371806199114
33.257108782000046,3504.0869041474075
33.27415341400001,3520.1698693243325
33.291262162000066,3506.9778337846033
33.30845023400002,3490.792917330239
33.325474918000054,3524.2944891005477
33.34263106200001,3497.2893675966643
33.35967731000005,3519.8361539648354
33.37680173500007,3503.7672797731884
33.39386116000003,3517.117370611977
33.41103964800004,3492.740455385473
33.42806969700007,3523.184225712093
33.445206622,3501.2115650993137
33.46231526600002,3506.9991520038943
33.479522608000025,3486.883680232476
33.496590679000064,3515.3357400411805
33.51374963500007,3496.7162337842524
33.530829788999995,3512.848888848123
33.54796687099997,3501.17948902165
33.56515504599997,3490.7719987721807
33.58222884600002,3514.156192518958
33.599479782,3478.07214634974
33.61660113400001,3504.3961481538868
33.63374962199998,3498.85074416395
33.65084972400007,3508.7510004150186
33.66796560700004,3505.515900061427
33.685077428,3506.348038595566
33.70231164500001,3481.4462415070984
33.719508883,3488.93235064956
33.73662945400008,3504.556010411553
33.753775701999984,3499.3078369295317
33.77099742000007,3483.9729694619646
33.78809689700006,3508.8792481806527
33.80507741500003,3533.461111145809
33.82219309000004,3505.5585011956664
33.83917876400005,3532.3885292959103
33.85627287600005,3509.9805125891753
33.89042151700005,1757.0245328356466
33.90748969200001,3515.3143203728514
33.92461489800007,3503.6074894392927
33.94180229300002,3490.9304173303585
33.95892525900001,3504.0658259814195
33.976048537999986,3504.0017744316347
33.99327952700003,3482.0984448343966
34.01042483700007,3499.49927996858
34.02766238800007,3480.772877772578
34.04476785500003,3507.65050729824
34.061907749000056,3500.6050795830092
34.078936548,3523.4428452760117
34.09604784800001,3506.4547988734475
34.113154148000035,3507.479700456495
34.13024992700002,3509.6382563230322
34.14735237299999,3508.270103593095
34.16437377600005,3524.97382265115
34.18144200300003,3515.3036106248655
34.19846220900001,3525.2217276369747
34.21549866500004,3521.8592411415466
34.23252986,3522.9471566819416
34.24955240899999,3524.736512730119
34.266707095000015,3497.5866069427475
34.28384355100002,3501.3073881781515
34.300959851000016,3505.4304960772765
34.31795958800001,3529.466367628426
34.352075625,1758.7036853084073
34.36914510200006,3515.046184471627
34.38621494300003,3514.971229088771
34.403253846999974,3521.353251370449
34.42038795999997,3501.7861735830334
34.437496030000034,3507.1168167875817
34.45461712200006,3504.449365724618
34.471650556999975,3522.4838677749817
34.488755450999975,3507.7680107227197
34.50579544800007,3521.127380460093
34.522802789000025,3527.8883395214602
34.53990513100007,3508.2914375029086
34.55697533700004,3514.896070973083
34.574007418000065,3522.763894788457
34.59109981100005,3510.333515035292
34.60816449599997,3516.033258174459
34.62527673400007,3506.2625940374483
34.64237204400001,3509.734541239239
34.659507563000034,3501.4988457557315
34.676495112,3531.9986420717364
34.693706882000015,3485.9866242658454
34.710808025000006,3508.537411799456
34.72787776200005,3514.992644576213
34.744923072000006,3520.0298498618663
34.76195791400005,3522.1929266996513
34.779123224000045,3495.4218712050515
34.796308483000075,3491.3643140260906
34.81340467899997,3509.552651382753
34.83054748900008,3500.009625004129
34.84762009100007,3514.4027840661706
34.86459227600005,3535.1959691724755
34.88162597100006,3522.4301010419454
34.89859638500002,3535.5648954794574
34.91577351900003,3493.0157731768822
34.93279992200007,3523.938673355746
34.94997976399998,3492.465181014581
34.96696319900002,3532.854219411364
34.98409184299999,3502.904257926866
35.00110871499999,3525.912400351997
35.01817850400005,3514.981936788168
35.03517636599997,3529.8556959847456
35.12071182400007,701.4634796242448
35.13759687300001,3553.439495509798
35.154692651999994,3509.6382563230322
35.17165744099998,3536.7371795813488
35.188882594999995,3483.2780014590207
35.20592530099998,3520.5676845013345
35.22297722600001,3518.6643150193104
35.23988961800001,3547.69449525642
35.25691143900008,3524.8872608723227
35.273820602,3548.3719685163237
35.29077523400008,3538.8559303274865
35.30788002400004,3507.7893385497787
35.324968668,3511.1036311692324
35.34194533100003,3534.263476860565
35.359145382000065,3488.361749618629
35.37608813899999,3541.3362772226524
35.39315084500004,3516.4410615663614
35.41025714500006,3507.479700456495
35.42724485000008,3531.9662073205836
35.461463752999975,1753.4168176046403
35.47853020800005,3515.6686025147546
35.495697758999995,3494.9655894541193
35.51268218300004,3532.6485019361403
35.52975395200008,3514.5742658454956
35.54683655300005,3512.3456902204284
35.56402082300008,3491.5652512382608
35.58108795600003,3515.528940927467
35.59809253600008,3528.4611557492512
35.61516597100001,3514.231319019778
35.63222518800001,3517.160254190613
35.649188934999984,3536.9544240480113
35.66613023399998,3541.6410512568045
35.68321674200001,3511.542557430734
35.70017309299999,3538.497168411077
35.717228976,3517.8477713501215
35.73428485900001,3517.8477713501215
35.75121386600006,3544.2126050182987
35.768230061000054,3526.0526809908024
35.785173444000066,3541.2054369519237
35.802141097,3536.140207500693
35.81915161500001,3527.2294470972242
35.83634770700007,3489.164863724884
35.853381298000045,3522.4516075381935
35.870453015000066,3514.5849711498827
35.88752514800001,3514.499330587604
35.904600405999986,3513.85613031911
35.92164269500006,3520.653827648428
35.93871816199999,3513.8131214951163
35.955741544000034,3524.5640378528906
35.97289175100002,3498.5000472617526
35.98983419600006,3541.4014919249375
36.00689325600001,3517.1926237536522
36.02388111800008,3531.933565258071
36.04096455299998,3512.1742202511946
36.05814496800008,3492.3487005207744
36.075297309999996,3498.064579186236
36.09233418200006,3521.7732456861877
36.10939496100002,3516.8382405125258
36.12642370800006,3523.4536046520607
36.14347245600004,3519.3200110690273
36.16047297400007,3529.3042247235207
36.177500107000014,3523.787592438688
36.194640886,3500.4243389430285
36.21176916500008,3502.9789040529936
36.22902239300004,3477.6101028829958
36.246165673000064,3499.913668790552
36.26336384800004,3488.7422648091506
36.28045983499999,3509.5955559736335
36.29746551000005,3528.2339571804227
36.31455337199998,3511.2643114896855
36.33167618300001,3504.097545658541
36.348834931000056,3496.758621307983
36.365894876000084,3517.0101662051634
36.382985812000015,3510.632770507178
36.400105809000024,3504.6735113311574
36.417239817999985,3501.807428730717
36.434253253000065,3526.624693938354
36.451393876,3500.4561969677507
36.46841762300005,3524.4884689494875
36.485608350999996,3490.25358322165
36.50263006700004,3524.90900446478
36.51968068899998,3518.9332096038793
36.53669542600005,3526.3548299195677
36.553703496000026,3527.737127145545
36.57071281700007,3527.4776694400666
36.58771703299999,3528.5366876242856
36.604806456999995,3510.9433764404002
36.62194364300001,3501.1582414961526
36.639077756000006,3501.7861735830334
36.656167649000054,3510.847025188098
36.673244314000044,3513.5666126865744
36.69033738400003,3510.194482327929
36.70734165200008,3528.525897134849
36.72442258800004,3512.688063473355
36.74140128300007,3533.840498335038
36.758368623000024,3536.2054394014112
36.77526461000002,3551.1390959289265
36.79226866900001,3528.569266905354
36.80915429100003,3553.3189123821517
36.826225798999985,3514.627998894243
36.84326918199997,3520.427839945122
36.860306784000045,3521.6223503602555
36.87748074000001,3493.6621475053284
36.89457495700003,3509.958952780577
36.91167584000004,3508.590755223475
36.928650420000054,3534.6971765996227
36.945734012,3512.1419429929633
36.96269937300008,3536.61793578896
36.97967614100003,3534.241617731857
36.996816244,3500.5623945252896
37.01377035500002,3538.9646794182004
37.03089175900004,3504.3855048290416
37.04800998600001,3505.0358895292497
37.065139516000045,3502.7230752905407
37.08225248200006,3506.113434687667
37.099464460000036,3485.94449749345
37.11646398800008,3529.5097604975467
37.13358554900003,3504.35337059295
37.15059039000005,3528.4069989212153
37.16754856400007,3538.116780728584
37.184529655000006,3533.341880108446
37.20160892299998,3513.031120542638
37.218687359,3513.202262779242
37.235790898000005,3508.045907924962
37.252920270999994,3502.7551796577186
37.27000151900006,3512.6239019398427
37.28724172600005,3480.236635212563
37.304319484000075,3513.3417395833153
37.32150760700006,3490.7825595651516
37.33868739700006,3492.475752031865
37.35567333200004,3532.3342518425825
37.37271994399998,3519.760994160889
37.38973087900001,3527.1429818462816
37.40680092900004,3514.9281929400777
37.42381170700003,3527.1755354194775
37.44081498600008,3528.7311347312366
37.45793571299998,3504.524077764334
37.47508274200004,3499.148453052735
37.492226750999976,3499.7648449803805
37.50923091499999,3528.5474781325356
37.52628586000003,3518.041248438884
37.54324939900005,3536.997792733049
37.56017798900007,3544.2999092025693
37.577230539000084,3518.5353510144355
37.594132358000024,3549.9137696487523
37.61119386600001,3516.687973891778
37.62823443700006,3521.00877369754
37.64526709000006,3522.645591382391
37.679518753000025,1751.7397622434776
37.713828437000075,1748.7774005704282
37.74823567300007,1743.819236163366
37.76524030600001,3528.4501582717917
37.78232806400001,3511.28568183091
37.79946170800008,3501.8820281172834
37.81663076899997,3494.6582110916142
37.83366493300002,3522.333118303809
37.85064477399999,3533.601993099997
37.86781018900001,3495.4004898758535
37.88479706099997,3532.139407428084
37.90184632900002,3519.2126723459105
37.91901783800006,3494.1600065476846
37.936036168999976,3525.610120069414
37.95313481200003,3509.0503965613393
37.97017658100003,3520.7612543036016
37.987283296999976,3507.394405810967
38.00458881700001,3467.101826461976
38.02129245800006,3592.031222403748
38.038320580999994,3523.5827225490543
38.05540906800002,3511.135889322268
38.07244078400004,3522.839389755633
38.08957401100008,3501.967259281805
38.106604634000064,3523.06548034456
38.12366166300001,3517.611419913735
38.140726348000044,3516.033258151035
38.15785848100006,3502.190883057939
38.17499233299998,3501.839516315212
38.19206087300006,3515.23914756104
38.20920613099997,3499.5098936569357
38.22637086899999,3495.538353101099
38.243406178999976,3522.0961637950895
38.26052919799997,3504.054980025073
38.277534350999986,3528.342261898593
38.294567056999995,3522.6346301032904
38.32866085400008,1759.8509195046581
38.34574507100001,3512.013456644486
38.36276980800005,3524.2835175574396
38.37978022200002,3527.2510122392073
38.39691245900008,3502.1696232550594
38.414012352999976,3508.793680262439
38.43107250700007,3516.9670801141474
38.44821115100001,3500.8603948014666
38.46533021100004,3504.865337226717
38.48235078100004,3525.1463376374077
38.49939452900003,3520.3524483011975
38.516490567999995,3509.584881042798
38.53348556499998,3530.4507555993423
38.55036795800004,3553.9985356215284
38.56731535100005,3540.3675361730548
38.584336181000026,3525.0924896186366
38.601318470000024,3533.0926237333438
38.618307634000075,3531.662888169086
38.63528565199999,3533.9814105680653
38.652389035000056,3508.0779048087165
38.66937007399997,3533.3527000496274
38.68647830100008,3507.0846324181593
38.70351668400008,3521.460927366345
38.72051845200008,3529.0447440524836
38.73752501199999,3528.0503523525927
38.754413914,3552.628820984438
38.771313442000064,3550.3950169354634
38.78830979400004,3530.1692975102333
38.80528572800006,3534.4152492549256
38.82220306900001,3546.656652494423
38.83913067000003,3544.506985953174
38.85621457399998,3512.077801431581
38.873118060000024,3549.5636817065306
38.89021613099999,3509.1677885842473
38.90729211799999,3513.70611842266
38.92439539700001,3508.099236404371
38.94137273800004,3534.1223339919875
38.95842268299998,3519.072935438332
38.97554028500008,3505.1638658063666
38.992459084000075,3546.351014632658
39.00952632100007,3515.5075188812375
39.026564861,3521.4284792150597
39.04354589900004,3533.3529081001384
39.06047589600007,3544.0053533311366
39.07749110200007,3526.2576309691876
39.094331463,3562.8689907673797
39.11122948000002,3550.7124889234237
39.12818947699998,3537.736474844203
39.14510150500007,3547.7708527724653
39.162160513,3517.2033450149092
39.179193114999975,3522.656139097158
39.19614384099998,3539.671398144468
39.21318269200003,3521.364204653035
39.230117637000035,3542.9698767838004
39.247142687000064,3524.21872475539
39.264198778000036,3517.804871004608
39.28136856800006,3494.5098338367147
39.29842377400007,3517.9874109974403
39.31554273000006,3504.8866297707746
39.33257241500007,3523.259531809311
39.349540433000016,3536.0641413865133
39.36651740900004,3534.1983165857514
39.38353297900005,3526.1821966561574
39.400542039000015,3527.531797767026
39.417714069,3494.053993619751
39.43474953500004,3522.0639106593567
39.451784116,3522.246892960557
39.468783852,3529.466575245123
39.485787756000036,3528.6014317581144
39.502816972000005,3523.356565569976
39.51987420900002,3517.5685253091847
39.53690248800001,3523.5504421817654
39.553914777000045,3526.8622582107596
39.57097357700002,3517.246230690125
39.588045084999976,3514.627998894243
39.60505148800007,3528.0829226299034
39.622113152,3516.655819752566
39.63932033800006,3486.915292237563
39.65635674200007,3521.8699908716976
39.67344226099999,3511.745824067759
39.690496372999974,3518.213085504627
39.70788100800007,3451.3235394162607
39.724416106000035,3628.644958749822
39.741283915000054,3557.0713422196213
39.758300319,3526.009373084309
39.77520083600007,3550.1872516539543
39.79226302100005,3516.548437380604
39.809312498000054,3519.1695322969913
39.82632046399999,3527.7586984958075
39.84321811699999,3550.788976433402
39.860331657000074,3505.9958371974485
39.877341236999996,3527.423957574273
39.89439587000004,3518.1056080097023
39.91139659700002,3529.2608369080604
39.92843966700002,3520.4924934299397
39.945648051000035,3486.6725428692644
39.96266747499999,3525.3837027716136
39.98008367300008,3445.068780205869
39.99752971400005,3439.1756846209164
40.015087996000034,3417.1908162804475
40.03288846700002,3370.6973259328024
40.06859784699998,1680.2307965042078
40.08660988100007,3331.106303690461
40.104647020000016,3326.4699019166783
40.12272728400001,3318.535614304615
40.14101551800002,3280.7979162977326
40.159293178999974,3282.6957453769955
40.17754969400005,3286.497998098311
40.195961626999974,3258.75615560001
40.214221424000016,3285.9072858183195
40.232526793000034,3277.7268789250497
40.25082872500002,3278.3424176227245
40.269165500999975,3272.112829438801
40.28749175600001,3273.9913310106185
40.305759781999996,3284.4271187287936
40.32409160999998,3272.9960154570304
40.342395365000016,3278.0159043808217
40.36070026599998,3277.8106803262617
40.37892251000005,3292.678991663418
40.397339235000004,3257.90823287837
40.41567450000002,3272.382482605976
40.43417127700002,3243.8083672638645
40.452665293999985,3244.292464969034
40.471107123000024,3253.4733946330216
40.48964738900008,3236.1995237721385
40.50829932400006,3216.8244206332906
40.52690245500003,3225.2635322579745
40.545637046000024,3202.6319656515357
40.56434184500006,3207.732945961716
40.58307169700004,3203.4422909518275
40.601823840000066,3199.6343031251317
40.62055041000008,3204.0037230501803
40.639442710000026,3175.8970585988027
40.65832573900002,3177.4563286440184
40.67723564400001,3172.9403188457004
40.696252319999985,3155.125532983171
40.715280871000004,3153.156538295466
40.73429374400007,3155.756628669133
40.75320989900001,3171.8919621975024
40.772296471000004,3143.5713023808166
40.79154106500005,3117.758680690661
40.810597116000054,3148.606182885344
40.82975306399999,3132.1864102056593
40.848994324000046,3118.2989055716293
40.86809756299999,3140.8286312163314
40.88747038700001,3097.1220303220634
40.906783002,3106.7776166009435
40.92633660900003,3068.4875685542047
40.945929277999994,3062.3699098941156
40.965609603000075,3048.7301403687393
40.98540300299999,3031.313468139177
41.00534119400004,3009.3000914599606
41.02520344800007,3020.8051915912893
41.045078515,3018.857747760628
41.06508358200006,2999.240142501433
41.08519771200008,2982.9776381045044
41.10532059299999,2981.680406512299
41.12547706700002,2976.711105320515
41.14560125000003,2981.4874969075067
41.165701943000045,2984.971712166713
41.18607961600003,2944.3989998291586
41.20635557000003,2959.170256551356
41.226806108999995,2933.9080011581887
41.24731800200004,2925.132263504854
41.26804739700003,2894.4404793304743
41.28862048799999,2916.43098259353
41.30934826800001,2894.6659989615273
41.330133757,2886.6292248417453
41.35098799600007,2877.112897756182
41.37185134900005,2875.8560524788645
41.39277991200004,2866.8953525402485
41.41392035000001,2838.162577335023
41.43507688300008,2836.003422669056
41.456400031000044,2813.843434379327
41.477780471000074,2806.303331452301
41.499057004000065,2820.0083162057035
41.52023848400006,2832.6632511048488
41.54162902899998,2804.9776197956426
41.56293295800003,2816.381898373985
41.58443652300002,2790.235014521104
41.60597873500001,2785.2292977174175
41.627746209000065,2756.406186581018
41.64961092300007,2744.1474880481746
41.67146178200005,2745.8874728928095
41.69334769400007,2741.489593851782
41.71526027300001,2738.153277172436
41.73726285200007,2726.9530539960283
41.75928371200007,2724.6892264882463
41.78142837600001,2709.456327726018
41.80378028000007,2684.335079456146
41.82612369399999,2685.355067055334
41.848464088000014,2685.7180764104723
41.870768492000025,2690.0517045858714
41.89316055200004,2679.5212231459823
41.91561803000002,2671.7158534033792
41.93819446700002,2657.6381383832
41.96087454999997,2645.492964030149
41.98364734200004,2634.7230502003677
42.00654685400002,2620.143171612135
42.029397146000065,2625.787014007749
42.05217447000007,2634.1988198434224
42.07510392900008,2616.7211358964714
42.09806833699997,2612.7388086938054
42.121193110000036,2594.6200639390486
42.14445210300005,2579.6473647834277
42.167934222999975,2555.1355669841173
42.191315925000026,2566.1091737405513
42.214557521000074,2581.5783046859588
42.23794125500001,2565.886183967269
42.261362124000016,2561.8178386115715
42.28485424300004,2554.048019250035
42.30858704100001,2528.1469129800107
42.332299734,2530.2904229400433
42.35601623000002,2529.8846844807667
42.37971246500001,2532.0478126600733
42.403309272,2542.7169023345277
42.427047956000024,2527.520059660541
42.45090929600008,2514.5276836869343
42.47489001200006,2502.0103653303413
42.499102864000065,2478.022828536982
42.52342556200006,2466.8315990282135
42.547624196000015,2479.478800336538
42.57181673600007,2480.103370702523
42.59613104699997,2467.682510117237
42.62048249500003,2463.9191887007705
42.64491404700004,2455.8407095863336
42.66938726600006,2451.6595058444614
42.69407183999999,2430.6678332856563
42.71877995600005,2428.3518824285743
42.743347603000075,2442.23632812438
42.76795207200007,2438.5813812933397
42.79255242700003,2438.98919345246
42.81712476100006,2441.7704887103764
42.84203662900006,2408.4906037552423
42.86697823600002,2405.6188520690293
42.892156407000016,2383.0166218195995
42.91737608800008,2379.094327158257
42.942778532000034,2361.977453827487
42.96821519399998,2358.8000658311325
42.993631022000045,2360.7336341688083
43.01916117500002,2350.1621788186753
43.04482851500006,2337.6010135800752
43.07062122100001,2326.2390537899473
43.096529970000006,2315.8200343833714
43.12234538400003,2324.1928252612947
43.14819444400007,2321.1675782370394
43.17412012,2314.3080242214146
43.200151732999984,2304.8898276119576
43.22630449400003,2294.2128366442366
43.25240579500007,2298.7359902063395
43.278670171000044,2284.463183136893
43.305166006000036,2264.5068555121657
43.331797154000014,2253.000884529961
43.358797211000024,2222.2175308733367
43.38641701100005,2172.3546151654173
43.41337029700003,2226.0736594434047
43.440876555000045,2181.3217922977215
43.46842708400004,2177.816621960678
43.49615131100006,2164.172151669131
43.523916737000036,2160.9609015203705
43.55183101900002,2149.437338206864
43.57999295700006,2130.535192567936
43.608192969000015,2127.658669084693
43.636324543,2132.8347997887013
43.66436392900005,2139.847142155748
43.69237368000006,2142.1111526472205
43.720296867,2148.751859883486
43.74845240000002,2131.019860286891
43.776682151000045,2125.4172592575915
43.80515075900007,2107.5846068745636
43.83368926200001,2102.422821552145
43.86224646400001,2101.0461739212496
43.89100403100008,2086.4073793117727
43.91982805700002,2081.59679012669
43.94869749999998,2078.322051453447
43.97759892300007,2076.022346713063
44.006537897000044,2073.3285153807105
44.03561932100001,2063.172697460202
44.064686369000015,2064.193102787613
44.093934407999996,2051.4195840630223
44.12321734300008,2048.97494051843
44.15275496700008,2031.307596034157
44.18236868600002,2026.0879763234643
44.211972873000036,2026.7403391271416
44.24162976800005,2023.1382954947483
44.27137223700004,2017.3173921785576
44.300908872000036,2031.3756120154194
44.33040873499999,2033.9077506933043
44.35983490000001,2039.0016843840576
44.389367004000064,2031.687278356102
44.41880410600004,2038.2441179179993
44.44846334600004,2022.9783365992605
44.47802722000006,2029.5039817840611
44.50773468900002,2019.694104539258
44.53740142800007,2022.4669789254626
44.567411555000035,1999.3250944943588
44.59718204500007,2015.4186242797566
44.62710113000003,2005.40892210037
44.657073757000035,2001.8265332560622
44.687257425999974,1987.8299089524576
44.71720166700004,2003.7241885632257
44.74736794099999,1988.9761659028143
44.77731041100003,2003.8427023530578
44.807144391000065,2011.1295911551128
44.836899308000056,2016.4734453810752
44.86662021500001,2018.780920787181
44.89636065299999,2017.4551565127617
44.92639265499997,1997.8688067492487
44.95628788500005,2007.009144931851
44.986372596000024,1994.3685016636982
45.01638152500004,1999.4049104505716
45.04648081900007,1993.4022372734642
45.076505528999974,1998.3540224097421
45.106732480000005,1984.9835334016163
45.136717191,2001.0197863839787
45.16688455799999,1988.9041029009882
45.19677390300001,2007.4043107993762
45.226893873999984,1992.03379047234
45.25698993900005,1993.6161089454115
45.286885013000074,2007.019618013071
45.31678128500005,2006.9391929553299
45.346634745000074,2009.8172875085986
45.37674304900008,1992.8057056943906
45.40707661600004,1978.0067408519808
45.437504245000014,1971.89205902479
45.46793583300007,1971.6355255562041
45.49834434700006,1973.1316038667867
45.52875775799998,1972.8139010827967
45.55908721000003,1978.2751102759241
45.589580307999995,1967.6583861721156
45.61999106300004,1972.9862017534629
45.650381192000054,1974.3252817379544
45.680561424000075,1988.0562879688598
45.71104707400002,1968.139108075647
45.74159085000008,1964.3936623908191
45.77229155400005,1954.3525777148534
45.80312720699999,1945.7995587159
45.83403702700002,1941.13068273885
45.86455788600006,1965.8686539566813
45.89513744300007,1962.0951343402498
45.92579757400006,1956.938801077481
45.956637758000056,1945.5136843542305
45.98735262900004,1953.4511474922488
46.018143228999975,1948.6466648955331
46.04896549600005,1946.6446124761733
46.07978323200007,1946.9308193167212
46.11067471900003,1942.282674837656
46.141562507,1942.5152749705805
46.172529515000065,1937.5459198344543
46.20348058500008,1938.5436432398508
46.234508217999974,1933.7601421353863
46.26584689399999,1914.5671629511276
46.29710333000003,1919.6046535802275
46.32861028900004,1904.341196494938
46.36013078999997,1903.5230436257948
46.391501550000044,1912.6090665275958
46.42284423700005,1914.3221511285547
46.45441619600001,1900.4205599048455
46.48591044600005,1905.1096628727294
46.517438395,1903.0733651622238
