0.058501129999967816,1025.6212144967628
0.09428769800001646,1676.606708972999
0.1302354119999336,1669.0908356547595
0.1660123440000234,1677.0582787772132
0.20198891300003652,1667.7521416780496
0.23833788000001732,1650.6658910012954
0.2748580979999815,1642.9255707087739
0.31179451599996355,1624.4130657182072
0.34895676899998307,1614.5415080180549
0.386429440000029,1601.1668877280317
0.42431758299994726,1583.6088878816104
0.4627339060000395,1561.836097636308
0.5012292919999481,1558.6283509442503
0.5400499920000357,1545.5671845140537
0.5789522549999901,1542.3267278839335
0.6176263400000153,1551.4264914079035
0.6558487029999469,1569.7616602120413
0.6931123109999362,1610.1500423688776
0.7320504599999822,1540.9052957275685
0.7716234040000245,1516.1874234056447
0.8102750409999544,1552.3275249663761
0.8464321840000366,1659.4231463438239
0.8807067630000347,1750.5685481943733
0.912779611000019,1870.741257528153
0.9431507299999566,1975.561058521527
0.9717883480000182,2095.146321173463
0.9994467420000319,2169.3233526129648
1.0258118479999894,2275.7352085023604
1.0516904390000263,2318.5188096181228
1.07633746099998,2434.371178802561
1.100884586999996,2444.2779981640724
1.1243694149999328,2554.840938164896
1.147494447999975,2594.5908920385446
1.1702531260000342,2636.356997530514
1.192488414999957,2698.41331948544
1.2143319299999575,2746.8106666898016
1.235826277000001,2791.4316261796
1.256954319999977,2839.8276167872236
1.2778893930000095,2866.0038586876276
1.2982736289999366,2943.451007936453
1.3185005729999375,2966.3403428613483
1.3382880860000341,3032.215316786249
1.3580366420000018,3038.1968180406743
1.3771874850000358,3133.0213505428183
1.3962613490000422,3145.665713039587
1.4149959400000398,3202.6319656515357
1.433650633999946,3216.3486573567934
1.4521819949999326,3237.7546365883886
1.4702794989999575,3315.3743190175614
1.4883723670000109,3316.2238291808108
1.5064333079999415,3322.086041930513
1.524302112999976,3357.807083343499
1.5420263849999856,3385.1884015302808
1.5596782610000446,3399.0721439352615
1.5771878450000258,3426.6947747053396
1.5947506059999341,3416.3193361404483
1.6120763860000125,3463.047551090266
1.6294203960000004,3459.4075995136996
1.6468110719999913,3450.1246530055205
1.6638907579999795,3512.945144310112
1.6810506519999535,3496.525095090389
1.6982098690000385,3496.6630470203277
1.7152623659999335,3518.546286820584
1.7324991880000198,3480.9200907046425
1.7494466849999526,3540.3458103717544
1.7666876729999785,3480.0789838673827
1.7838810570000305,3489.7144157205216
1.8013114729999415,3442.2586357265536
1.8183418349999556,3523.1194733236116
1.8355454269999427,3487.6437432394905
1.852774644999954,3482.4563714940864
1.8699722989999827,3488.8479556513844
1.8871442250000428,3494.075154982051
1.9042387020000433,3509.9055677455394
1.9213254699999425,3511.4891242366066
1.9383514569999534,3524.0247745967145
1.955510204999996,3496.758621307983
1.9725894739999603,3513.030914855031
1.9897011909999947,3506.369349135427
2.0068861889999425,3491.417339715836
2.0241670210000393,3472.05504918189
2.0412195190000375,3518.546080463188
2.0586209770000323,3447.98694454326
2.075786600000015,3495.3581352719248
2.093115973999943,3462.329337473417
2.1105296199999657,3445.57366101974
2.127970244000039,3440.243881167732
2.145402536000006,3441.888192333767
2.1627411289999827,3460.488402956367
2.1802545150000014,3425.950869805293
2.1976847749999706,3442.289443766538
2.215223681999987,3420.965742046732
2.2328856100000394,3397.1376171289103
2.250585454999964,3389.860193705401
2.268266185000016,3393.5250410941144
2.285891602999982,3404.1745846887616
2.303491603999987,3409.090715391556
2.321167333999938,3394.484980262029
2.3389249919999884,3378.8239417511854
2.3567786920000344,3360.6479329127997
2.3745076000000154,3384.3031956657724
2.392298539999956,3372.503083041134
2.4102005739999868,3351.5744635440456
2.42784958499999,3399.6239222690306
2.445644326999968,3371.78251868296
2.4634052139999767,3378.2096581083542
2.4812711539999555,3358.345544654875
2.4991794899999604,3350.395033909536
2.5168041780000294,3404.3155827646483
2.5345547009999336,3380.1820938078163
2.552296941999998,3381.7599478995853
2.5699071509999385,3407.114589054745
2.5876326740000195,3384.9494877937186
2.605441269000039,3369.1596669997957
2.62318621899999,3381.24367778806
2.6408511160000216,3396.5666485286074
2.658619399000031,3376.803487425777
2.676452577999953,3364.5150985285622
2.694209090999948,3379.0418197546746
2.7120725300000004,3358.81573530291
2.7299944599999435,3347.8537188902305
2.7479490990000386,3341.7547409158296
2.765821028000005,3357.2201411561828
2.7836486339999738,3365.5668629935303
2.8014497819999633,3370.569134082544
2.81916671099998,3386.5914346636487
2.8369144209999604,3380.717850362992
2.854780882,3358.2476126563
2.872520310000027,3382.2962048104473
2.8903377079999473,3367.4950742116807
2.9081739609999886,3363.93523908082
2.925925263999943,3380.0335671220123
2.9438730279999845,3343.034820374373
2.961500163999972,3403.84280237261
2.979402145999984,3351.5841988869897
2.9973781899999494,3337.7755417218245
3.0150292849999687,3399.222541147419
3.032771317999959,3381.7995942196885
3.0506289249999554,3359.9126691506035
3.0684303849999424,3370.5100592897434
3.086244292999936,3368.1548147672684
3.104289245000018,3325.029625998849
3.121932579000031,3400.717800839433
3.139804508999987,3357.2199533093954
3.1577365429999418,3345.9673342215874
3.1754826379999486,3381.0255157530173
3.1933937349999724,3349.8785696889627
3.211196288999986,3370.3029351830332
3.228937852999934,3381.8889924346904
3.2466534269999556,3386.850462758172
3.2643131160000394,3397.56832635702
3.2819274920000225,3406.3085743177808
3.2995342640000445,3407.779688402014
3.317084055999999,3418.84393844418
3.334695045999979,3406.96349268654
3.3523584329999494,3396.857012763193
3.370044683999936,3392.465706838945
3.3878169779999325,3376.0413821654747
3.4055396349999683,3385.496881188811
3.423297553999987,3378.7742809242777
3.4411238059999505,3365.822495952766
3.458729483999946,3407.9914445791774
3.4764922460000207,3377.8530613508806
3.494234434999953,3381.769859414132
3.5119229780000296,3392.026126727348
3.5295181349999893,3410.029248397007
3.5470511039999337,3422.124341872179
3.564721001999942,3395.605339655716
3.582300272999987,3413.1108167025886
3.5999361589999808,3402.1539944191954
3.6175620980000076,3404.07396167141
3.6352192350000223,3398.0593796123376
3.6527849120000155,3415.752208128564
3.670399495999959,3406.2683512816616
3.6879951739999797,3409.9282789745166
3.70545116400001,3437.2155346041973
3.723084029000006,3402.736877984026
3.740709551000009,3404.1544982321534
3.758332729000017,3404.6072734425497
3.775829657000031,3429.173395464139
3.7935068450000244,3394.2050059105986
3.8111898150000343,3393.0951644416405
3.828878357999997,3392.026126749149
3.8466521100000364,3375.7644418504196
3.8643671639999866,3386.949878909126
3.881978623000009,3406.872763916006
3.899303465999992,3463.2348472109506
3.9167069029999766,3447.594863017777
3.934108517000027,3447.956034413036
3.951588777999973,3432.4430281781956
3.968977891999998,3450.4345649763113
3.9864129960000128,3441.333071483224
4.003935132000038,3424.2400583989415
4.021433152999975,3428.959194883469
4.039056383000002,3404.5972276313532
4.056637634000026,3412.726432261136
4.074236331999941,3409.3431230133674
4.091729561999955,3429.898309228946
4.109296228999938,3415.559707487985
4.126793729000042,3429.0612944502413
4.14425492700002,3436.1903461649717
4.161728573000005,3433.742448487958
4.1792265939999425,3428.959194883469
4.196701749999988,3433.445744337985
4.214173156000015,3434.1826868374224
4.231754927999987,3412.625303075126
4.24923352199994,3432.770393325612
4.266709250999952,3433.3331673866187
4.284095968999964,3450.9100567433184
4.301452583000014,3456.895452063759
4.318929093999941,3433.179540255508
4.336282009999991,3457.632135130929
4.353663258999973,3451.995883613583
4.3710098729999345,3458.8882879466832
4.388468415000034,3436.7131000777867
4.4058250289999705,3456.8954520864017
4.423306539000009,3432.197790686679
4.4406675799999675,3456.013956775069
4.458189194999932,3424.341877168437
4.475779820999946,3410.907604990853
4.493253779000042,3433.6811385073947
4.510730029000001,3433.2308132546464
4.5282336760000135,3427.8570631570615
4.5458628950000275,3403.4406175311733
4.563379822999991,3425.2581274595973
4.580853312000045,3433.7733007881734
4.598476854999944,3404.5367608738848
4.615946489999942,3434.5308302095646
4.633417376000011,3434.2849011642797
4.65085430299996,3440.9732861860434
4.6682213330000195,3454.8221543807194
4.685554561999993,3461.559297467992
4.70290430099999,3458.2652799567645
4.720254559999944,3458.1616332158424
4.737503985999979,3478.376613800291
4.75484919400003,3459.168664902814
4.772311953999974,3435.8829875800025
4.789779505999945,3434.9403969199425
4.807377944999985,3409.39329902303
4.824871642999938,3429.8065509168755
4.842335237000043,3435.7189018273166
4.85993388299994,3409.3531968511793
4.877407007999977,3433.844833129189
4.894838154000013,3442.114477147874
4.912326486999973,3430.858733084307
4.929726590999962,3448.2552518097973
4.947150340999997,3443.575579303034
4.964724716999967,3414.0614722309806
4.982116798999982,3449.845740144783
4.999547997000036,3442.1042087763867
5.01697143399997,3443.637440777462
5.034424610999963,3437.769524713117
5.05185002799999,3443.2461501442335
5.0693575799999735,3427.092491289244
5.086772527999983,3445.3160583635836
5.104287684000042,3425.6046591762743
5.121832059999974,3419.899345535615
5.139343309999958,3426.368762941222
5.15686107099998,3425.0952504675124
5.174484301000007,3404.5972276313532
5.191895915000032,3445.975772258302
5.209413572000017,3425.115584809763
5.226798779999967,3451.209787088573
5.244301956999948,3427.949108899879
5.261735966999936,3441.549018271808
5.279129872999988,3449.483974434514
5.296682425999961,3418.3061575197494
5.314207322000016,3423.70077401963
5.331638779999935,3442.052867882798
5.349192687000027,3418.042490465771
5.366591749000008,3448.46176190788
5.384067269999946,3433.374032179895
5.40154367599996,3433.2001671253706
5.418899560999989,3457.0406521995037
5.436390447000008,3430.357958992808
5.453927529999987,3421.3215504580207
5.471458364,3422.5411067126606
5.488935967999964,3432.964838894553
5.50654044800001,3408.2233613174103
5.524015968999947,3433.374032179895
5.541396697999971,3452.0991610833407
5.558826697999962,3442.3407917403006
5.576215603000037,3450.47603628522
5.593653727999936,3440.7368911708386
5.611034716999939,3452.0475215760043
5.628465342000027,3442.217361666403
5.645967685999949,3428.1122574362953
5.66346549900004,3428.999955576637
5.6809827910000195,3425.1869524165095
5.698493468000038,3426.480883630995
5.71600675000002,3425.971214308243
5.733366436999972,3456.2835147985697
5.75089299900003,3423.375331671083
5.768278416000044,3451.1682981174094
5.785705395000036,3442.937528072168
5.803208727999959,3427.918557012323
5.820639926000013,3442.1042087763867
5.838022112999965,3451.8096025639757
5.855525811000007,3427.847075507027
5.872928153999965,3447.811596412341
5.890411956999969,3431.747658102995
5.907752319999986,3460.1351770976466
5.925151798999991,3448.379115258693
5.942555131999939,3447.615465392817
5.960083101000009,3423.1005314853073
5.977510184000039,3442.9169815681776
5.994910339999933,3448.2449467904103
6.012442840999938,3422.2156895917137
6.029731276999996,3470.527929755972
6.0472633609999775,3422.297086875925
6.0646420059999855,3452.5131274603114
6.082023984999978,3451.850908347427
6.0994663809999565,3439.8943814871423
6.117082839999966,3405.9058066076977
6.134582683999952,3428.6019921120496
6.152065288000017,3431.9830157896336
6.1695686220000425,3427.91836114838
6.187059506999958,3430.3581551356374
6.204432214999997,3453.692999379565
6.221728151999969,3469.0228115480686
6.239116380000041,3450.6103784554484
6.256427993999978,3465.881344178538
6.27376575400001,3460.6546635718023
6.291264920000003,3428.7348322784746
6.3086322120000204,3454.7700355323454
6.326166379000028,3421.890529500072
6.34367148299998,3427.571752796541
6.361093721999964,3443.8742345375267
6.378491117999943,3448.79199163336
6.39588486699995,3449.5151102833233
6.413327159000005,3439.9148919081335
6.430688459999942,3455.96220008035
6.44805377199998,3455.163949825281
6.465507990999981,3437.564293194454
6.483017418000031,3426.72550048775
6.500373979999949,3456.905808897129
6.517938146999995,3416.04586200092
6.535347105000028,3446.501508010256
6.552860959999975,3425.859126970059
6.570442730999957,3412.6254971732756
6.587871585000016,3442.567136072014
6.605374815000005,3427.9387290254226
6.622905231999994,3422.622519477862
6.64031898199994,3445.553083062861
6.6578074709999555,3430.8281292881234
6.675091792999979,3471.3539819450007
6.692595074999986,3427.9285450566463
6.709976584999936,3451.9440485994664
6.727470022000034,3429.857723194293
6.744974189000004,3427.755231088843
6.7624539810000215,3432.5351239843344
6.779810229999953,3456.9681502171125
6.797303459999966,3429.898309228946
6.814705854999943,3447.80129402196
6.832060645999945,3457.258574879492
6.849432156000034,3453.9311781009446
6.866798614000004,3454.935946069451
6.884162258999936,3455.495663510424
6.901643716999956,3432.2080000381334
6.919185956999968,3420.3157635490315
6.93668590599998,3428.581420434963
6.954124863999937,3440.5725388035225
6.971499707000021,3453.2686136910297
6.988845018999996,3459.147924239517
7.006232986999976,3450.6619749972533
7.023663768000006,3442.1865549166505
7.0410429859999795,3452.3992966824476
7.058458454999936,3445.212988530411
7.075838193999971,3452.2958025940884
7.093227048000017,3450.486156237818
7.110631943000044,3447.3060595830702
7.128036577999978,3447.3575573533253
7.145405328000038,3454.4800287754674
7.162802514999953,3448.8334234892786
7.180147722000015,3459.1688643315138
7.197657253999978,3426.7049513446536
7.215186473000017,3422.856431873325
7.2325733469999705,3450.879094204095
7.250076421000017,3427.969281272554
7.26744475299995,3454.56316704635
7.284829075999937,3451.385481047676
7.302210013000035,3452.0578493358125
7.31947594899998,3475.050527245876
7.336838500999988,3455.713192390725
7.354216989999941,3452.544119351473
7.371684490000007,3434.950622571794
7.389059177000036,3453.2996191471584
7.406571052000004,3426.2464756120385
7.423925373999964,3457.3520071909393
7.441293550999944,3454.593996829266
7.458657143999972,3455.506011912718
7.476132352000036,3433.435527621694
7.493488549999938,3456.9783082872277
7.510934173999999,3439.257890677375
7.528406778999965,3433.9470273674588
7.545789746999958,3451.654516077202
7.563241569999946,3438.0362441243324
7.580559017000041,3464.7139384730262
7.5978859429999375,3462.818505738408
7.615325005000045,3440.5520204945346
7.632645056999991,3464.192832688316
7.65008177499999,3441.014530372251
7.667509378999966,3442.8140552241107
7.684935628999938,3443.081558000069
7.702368910000018,3441.692932025974
7.7197218259999545,3457.632135153581
7.736980209999956,3476.571155213289
7.754446096000038,3435.268041925784
7.771765574000028,3464.3076425301883
7.789203489999977,3440.7781296902526
7.806553698000016,3458.1717982784594
7.8239879689999725,3441.497496519927
7.8412986969999565,3466.05873537239
7.858629217000043,3462.100387045476
7.876041820999944,3445.7798500638532
7.8932952049999585,3477.578659348835
7.910632392000025,3460.7690393931803
7.928014161999954,3451.892413732607
7.945379421999974,3455.1742962634776
7.962778692000029,3448.4205371724834
7.980155149999973,3452.947660575734
7.997530357999949,3453.196071096442
8.014775095999994,3479.3222141063443
8.032078376999948,3467.550460525918
8.049321603999942,3479.6271022830715
8.06657092599994,3478.397585714238
8.083892436000042,3463.9012418460043
8.101277435000043,3451.251277034717
8.118576235999967,3468.4484780339476
8.13598071499996,3447.3884567314963
8.153339777000042,3456.407955666932
8.170598004999988,3476.6025805307263
8.18785717000003,3476.413835771102
8.20523748200003,3452.1819861461177
8.222602638000012,3455.1949893257656
8.23991649100003,3465.4331418855763
8.25726909499997,3457.6943034147343
8.274663416999942,3449.401477108091
8.291940864000026,3472.735294729089
8.309324092999987,3451.602691314421
8.326588571000002,3475.3439982341824
8.343911329999969,3463.6514887792714
8.361236694000013,3463.130702468814
8.378581536999945,3459.2414586994714
8.395907265000005,3463.0579447970567
8.413235337999936,3462.5892908138408
8.430520493000017,3471.1866916852837
8.447818825000013,3468.542516123215
8.465128823999976,3466.2047063162186
8.48229220799999,3495.814112179212
8.499500904000001,3486.609328211728
8.516868923999937,3454.6252249953345
8.53416491300004,3469.012381982878
8.551344442999948,3492.528608193752
8.568688973000008,3459.303884267515
8.58598042999995,3469.921591928376
8.603184386999942,3487.569749216785
8.620361417000026,3493.036921965272
8.637714280999944,3457.6424963789696
8.654929330999948,3485.322435890972
8.672271987000045,3459.6776871816596
8.689678600999969,3446.965618945868
8.70687693299999,3488.7104167966545
8.724211307000019,3461.330648565629
8.741432087000021,3484.1627382726983
8.758562917999939,3502.457061206691
8.775885730000027,3463.6408915419306
8.793012185999942,3503.351773437519
8.810225725999999,3485.6281740886066
8.82742874600001,3487.759707305008
8.844582909999986,3497.6930382666374
8.861630042999991,3519.653422072831
8.878707176000034,3513.4703231419116
8.895756914000003,3519.1156603174695
8.913035506000028,3472.5051670826388
8.93023993199995,3487.4746765904956
8.94757675400001,3460.841900539117
8.96482404400001,3478.8073952487107
8.982165865999946,3459.8440694539163
8.99951722000003,3457.943397368841
9.016723311999954,3487.1369977717877
9.034069665999937,3458.9401323216925
9.051338987000008,3474.3693744387047
9.068682267999975,3459.5530107662485
9.085888515999955,3487.105381723633
9.103138046000026,3478.3556421392295
9.120388045000027,3478.261071203425
9.137633929000003,3479.0910109381753
9.154860333999977,3483.02504208456
9.17205684299995,3489.080254608307
9.18912668400003,3514.9712290653606
9.206318922000037,3489.947033072476
9.22359079599994,3473.8558190233425
9.24081068999999,3484.3420058117817
9.257967875999952,3497.076968223643
9.27519938499995,3481.9933645977076
9.292270059999964,3514.7995026530743
9.309477818999994,3486.799181688662
9.326709067000024,3482.046105998551
9.344049222999956,3460.176482854901
9.361383856999964,3461.2787325058193
9.378759429999945,3453.1235315269923
9.396453909999991,3390.8880057422098
9.413253020999946,3571.6175695345705
9.430574374000003,3463.9326385071495
9.447748955999941,3493.5348062744188
9.464895360000014,3499.275999780778
9.482142858999964,3478.765240118222
9.49929363800004,3498.3833678769997
9.516560980999998,3474.7673686766407
9.533785770999998,3483.351611253273
9.550976030000015,3490.348807422843
9.568203893000032,3482.7302724628553
9.585313630999963,3506.7749138088507
9.602668733999963,3457.196422285736
9.619870398999979,3488.034443174211
9.637229982000008,3456.3042211266297
9.654478679000022,3478.5236241295543
9.67183701099998,3456.553314001906
9.689123052000014,3471.008775224019
9.706283205999966,3496.472117917173
9.723480340000037,3488.9534500197806
9.740673098999991,3489.8412756300604
9.757851639000023,3492.7298827426093
9.775178981999943,3462.7351695108355
9.79234871999995,3494.520417258317
9.809583978999967,3481.2357621048627
9.826704081000003,3504.6520166688365
9.843893715000036,3490.475713437801
9.861075587999949,3492.0523507712646
9.878255169999989,3492.5180368102724
9.895432458999949,3492.98425380973
9.912598395000032,3495.2944016399433
9.92985511300003,3476.9067907353196
9.947013652999999,3496.801009882546
9.964173338000023,3496.567681744475
9.981347294999978,3493.6619440795716
9.998427813000035,3512.7740270991535
10.015602864000016,3493.4394081313726
10.032781194999984,3492.7723770202665
10.049954630999991,3493.767933218166
10.067300254999964,3459.085703696552
10.084500305999995,3488.361749618629
10.101690460999976,3490.3699239517637
10.118870562999973,3492.412326772485
10.136031290000005,3496.3553700194216
10.153206080000018,3493.492496848894
10.170404985000005,3488.594186667518
10.187732535999999,3462.693602807515
10.20491149299994,3492.6451006427815
10.222097585000029,3491.1950895929276
10.239148936999982,3518.7825575452894
10.25635305000003,3487.538125321117
10.273465078999948,3506.30541826965
10.290532784999982,3515.4109169609055
10.30771559599998,3491.861721577889
10.324956948000022,3480.005512320286
10.342122414999949,3495.389901146004
10.359272361999956,3498.5530859060354
10.376352880000013,3512.7740270991535
10.393498971999975,3499.339674611208
10.410796523000045,3468.6991239255935
10.428007979999961,3486.0500189083655
10.445221520000018,3485.6281740886066
10.462363965999998,3500.0839436840347
10.479679798000006,3465.037082825177
10.496743545999948,3516.226329655487
10.513933856999984,3490.3382492541978
10.531080417999988,3499.243959181413
10.54815979,3513.009728926681
10.565214474999948,3518.094881270581
10.582260566999935,3519.8683663121296
10.599433689999955,3493.831611171037
10.616605198000002,3494.160210031447
10.633671915000036,3515.6146316763534
10.650857330000008,3491.3326213011856
10.668022796999935,3495.389901146004
10.685208941000042,3491.184526303728
10.702541283999949,3461.73624652599
10.719704772,3495.7929297250917
10.736921696999957,3484.9428687265554
10.754139040000041,3484.858261794954
10.77121601600004,3513.5026248210097
10.788397421000013,3492.1474699008127
10.805594606999989,3488.942900314303
10.822635593999962,3520.9228197929474
10.839815070999975,3492.5393828900305
10.857013768000002,3488.63637750631
10.874203662000014,3490.42291941756
10.891313190999995,3506.81775051002
10.908431678999932,3504.982449397383
10.925589697999953,3496.9071895727225
10.942855321000025,3475.1135247047073
10.959954016999973,3509.0395197494504
10.977126150999993,3494.0328324906386
10.99426870100001,3500.0627094534366
11.011428594999984,3496.525095090389
11.028448071999946,3525.3727244457673
11.045585621999976,3501.0838772109664
11.062719004999963,3501.9353737698298
11.079735512999946,3525.9878231220396
11.096951604999958,3485.111487552274
11.114264051999953,3465.714580961204
11.131397539999966,3501.9139126810614
11.148616809000032,3484.468475390636
11.165953943999966,3460.7794194500675
11.18310076499995,3499.1908995877143
11.200318315000004,3484.816364686543
11.217411698999967,3510.1300011822377
11.234613363999983,3488.034443174211
11.251821330999974,3486.757035275225
11.268949558000031,3502.989538835441
11.286172005000026,3483.825498201194
11.303290491999974,3504.982654143596
11.320388459000014,3509.189133413197
11.337638925999954,3478.1667070351964
11.354779601000018,3500.4455775385277
11.371995642000002,3485.1218116905147
11.389171473000033,3493.2807617803373
11.406293606999952,3504.236095820941
11.423378707999973,3511.83174158161
11.440452038999979,3514.252725492116
11.457570057999988,3505.0784789974646
11.474674274999984,3507.906851276065
11.491885419000027,3486.1134158106074
11.509123073999945,3480.7518772297285
11.526362759999984,3480.341811322101
11.543641925999964,3472.389813262317
11.560855466000021,3485.6281740886066
11.578098381000018,3479.690064006588
11.59531468199998,3485.069179502135
11.612660515000016,3459.044025148647
11.629791554000008,3502.4145353956123
11.64702639699999,3481.3197892234657
11.66411717599999,3510.6650200087197
11.681249933999993,3502.0631237534176
11.698351962999936,3508.355645999605
11.715579045000027,3482.8881640944896
11.732803471000011,3483.4252241586846
11.750025553,3483.8993334277025
11.767272843,3478.8073952487107
11.784492268999998,3484.43670538209
11.801719350999974,3482.8881641174744
11.818935912000029,3485.0165488804173
11.836052263999932,3505.4198464918877
11.853265074999968,3485.7757980306187
11.870497729000022,3481.762008325119
11.887619394000012,3504.332084527588
11.90489788299999,3472.5258672837676
11.922106422999946,3486.6409352654846
11.939303972999937,3488.869054023918
11.956545638999955,3479.9421355185204
11.97367048000001,3503.6821655634285
11.990909228999953,3480.530982857046
12.00812105,3485.9762950032277
12.02533172599999,3486.2082116956226
12.042422869999996,3510.590045931442
12.059677711999939,3477.284810848935
12.076855419000026,3492.899255977275
12.093996041999958,3500.4561969677507
12.111132601999998,3501.286139100273
12.12827155900004,3500.796460359282
12.145431556999938,3496.503904042357
12.162597908999942,3495.2096986002985
12.179738792999956,3500.4028963705114
12.196891864000008,3497.915912539302
12.214036810000039,3499.573576953451
12.231170401999975,3501.892656263933
12.248456130000022,3471.0716262477586
12.265551074999962,3509.809478779329
12.282807324000032,3477.0012880410113
12.299954822000018,3499.0527481064573
12.317103779000036,3498.7550554787886
12.334243411999978,3500.658386337757
12.351384138999947,3500.4349582201703
12.36853273099996,3498.8295248937648
12.385695854999994,3495.8670694144644
12.402887883999938,3489.9894596616505
12.420149392999974,3475.941761515391
12.43735006899999,3488.2349972724746
12.454534181999975,3491.597151395193
12.471667252999964,3501.999145397665
12.488820531999977,3497.873496953852
12.505849644000023,3523.37808335744
12.52299313200001,3499.871204742139
12.540142088000039,3498.755259498092
12.55727531499997,3501.9672593050423
12.574418854999976,3499.8605888852367
12.591554894999945,3501.3923870456847
12.608844528999953,3470.2874566328273
12.626009683999996,3495.4534345800257
12.643309578999947,3468.229142441036
12.660571295999944,3475.8998771681604
12.677704522999989,3501.967259281805
12.694975927999963,3473.9501505575367
12.712155250000023,3492.570894228965
12.729384206999953,3482.509126945185
12.746546028000012,3496.1324908233455
12.763763734999998,3484.7845883338746
12.78102133699997,3476.7286903531544
12.798357483000018,3460.9768514775083
12.815511490999938,3497.7248465943608
12.832696489,3491.417339692739
12.849962269999992,3475.081723788124
12.867110756999978,3498.850948194413
12.884250806999944,3500.5732188714674
12.901402993000033,3498.096394225629
12.918669293999983,3474.9770666094037
12.93593549100001,3474.9979975271117
12.953078718000029,3499.92448912515
12.970232310000029,3497.8096715837232
12.987384651999946,3498.064579186236
13.004480951999994,3509.531302084678
13.021508083999947,3523.7877993878283
13.038762354000028,3477.4000870347127
13.056005737999953,3479.5954204962522
13.07329422700002,3470.51729042203
13.090545892000023,3477.925174178152
13.107805890999998,3476.245856102644
13.125179014999958,3453.610300607946
13.14239041999997,3486.060551126345
13.159546929000044,3497.214963705091
13.17673416599996,3490.962508999659
13.19398593599999,3477.9040063654998
13.211136506999992,3498.4257958521143
13.228369422000014,3481.7092755301264
13.24549244100001,3504.054980025073
13.262786554999934,3469.388486757063
13.279993583999953,3486.9471074833946
13.297507126000028,3425.9203535039096
13.314551499000004,3520.2233605239817
13.331807591000029,3477.0329226288754
13.349069256999996,3475.9101468023223
13.366391131,3463.828451816858
13.383455242999958,3516.1513239101
13.400623938999956,3494.7325061847523
13.417741750000005,3505.121069500696
13.435054508999997,3465.6521239640133
13.452087683999935,3522.537636125934
13.469289505000006,3488.0028108506995
13.48655424399999,3475.291459665636
13.520916843999998,1746.084405719737
13.538142884999957,3483.098641187844
13.55529866400002,3497.3637746078653
13.57254913199995,3478.1665054099462
13.58958902500001,3521.148871051492
13.60673365799994,3499.6374667364116
13.623974438000005,3480.1209689916473
13.641058341999951,3512.077801431581
13.658302195000033,3479.500782088283
13.675558131000003,3477.064356294893
13.692820525999991,3475.7633572884197
13.709981618000029,3496.281005886376
13.727274586000021,3469.6184021173303
13.744515886000045,3480.0160080689284
13.761714791000031,3488.594186667518
13.778972028999988,3476.802023600259
13.796210933999987,3480.4994864814566
13.813509995999993,3468.3961477204803
13.830663743999935,3497.777861736372
13.847922127999936,3476.571155213289
13.865153376999956,3482.0459039232815
13.882442958999945,3470.297893843628
13.899572383999953,3502.7445462982105
13.916781289000028,3486.566983764425
13.934057537999934,3472.9761072746114
13.95120555699998,3498.9464380601044
13.968447690999938,3479.8476801159577
13.985816960999955,3454.3766088004745
14.003003886999977,3491.0256784676158
14.020261853999955,3476.655158749431
14.037422633000006,3496.3447754803296
14.054671643000006,3478.460502950513
14.071827318000032,3497.3849761031174
14.089101848000041,3473.3217054223473
14.106208981000009,3507.308910272301
14.123356322999939,3499.0845811697413
14.14056580099998,3486.450896410579
14.15777257000002,3486.999796409148
14.174970015999975,3488.890152651633
14.192256681999993,3470.8832807862996
14.209499492999953,3479.7110517617452
14.226739283000029,3480.3208159574683
14.243873761000032,3501.7115782570463
14.261147821999998,3473.4160079738417
14.278273601000024,3503.4902645836373
14.295388338999942,3505.750424008022
14.312520107999944,3502.2652943774674
14.329735991999996,3485.1535941935176
14.346834322999939,3509.11442761288
14.363938538999946,3507.9070563640826
14.381148798000027,3486.292681575539
14.39824884799998,3508.7616702970295
14.415361710999946,3506.1345375183664
14.432537698000033,3493.2490342299584
14.449674832000028,3501.1688652266653
14.466923215999941,3478.5867476223966
14.484150611000018,3482.8248844199106
14.501380660999985,3482.2882115906086
14.51847003399996,3510.953854192529
14.535725657999933,3477.1272253090824
14.552818728000034,3510.1944823045824
14.570041435000007,3483.7729051589995
14.587260079999965,3484.5947518024336
14.604401067000026,3500.381862478767
14.621526898999946,3503.479422213262
14.638616219000028,3510.964742875226
14.655724550999935,3507.063108216866
14.672825902999989,3508.494533052689
14.689909442000044,3512.1528390462677
14.707129283999961,3484.3525277576236
14.724214802999995,3511.7458240443916
14.74141964499995,3487.3903520971057
14.758517506999965,3509.210683765623
14.775616671999956,3508.943272962932
14.792643805000012,3523.7875924151604
14.80977635499994,3502.105641031294
14.826911508999956,3501.5734320184147
14.844135831000017,3483.4462569724155
14.861227546999999,3510.4725587567796
14.878459576999944,3481.8880886459447
14.895575511999937,3505.5052499338294
14.912663322999947,3511.274791134085
14.92977436199999,3506.50828391263
14.946887068000024,3506.166704428815
14.964026181000008,3500.7645961639614
14.981164356000022,3500.9561986589633
14.998267271000032,3508.1738990088365
15.01526950799996,3528.947396760286
15.032434921999993,3495.4006935041216
15.049532419999991,3509.2853936877827
15.066528980000044,3530.126096093282
15.083644499000002,3505.5904527433167
15.100733299000012,3511.0715790437775
15.117847514999994,3505.8573527448743
15.134949180000035,3508.4303194955532
15.152082771999972,3501.892656263933
15.169187717,3507.757551976984
15.186516882999967,3462.3708954090366
15.203396358999953,3554.612714283991
15.220584846999941,3490.7084322973633
15.237737813999956,3497.937120729373
15.25487578000002,3500.9988933211966
15.271962340999949,3511.531665163753
15.289106140999934,3499.8075105899234
15.306656610000005,3418.712058336343
15.323294001000022,3606.334671099389
15.340432331999978,3500.9243315557183
15.357581496999956,3498.712619540195
15.374745714000028,3495.644456123295
15.391772117999949,3523.9384664124136
15.408742896000035,3535.4890624162867
15.426118311999971,3453.154733113747
15.443013881999946,3551.2267416897785
15.460235495000006,3483.9942112152166
15.477377108000042,3500.2540309290976
15.494583511999963,3487.0737662718057
15.51172387500003,3500.509294917854
15.528976008999962,3477.830626648054
15.546155955000017,3492.4440391026574
15.563228452999965,3514.4241926508826
15.58045933699998,3482.1196637358075
15.597735168999975,3473.059937143107
15.614884802999995,3498.616938409813
15.632136363999962,3477.946140648774
15.649317664000023,3492.1688114279204
15.666545423000002,3482.751296908187
15.683706099000005,3496.3657608819713
15.700909325999987,3487.7177404020504
15.718168230999936,3476.4662068757057
15.735453803000041,3471.102952198202
15.752610154999957,3497.246967204678
15.76972583099996,3505.558296382171
15.78691286000003,3491.0047571198334
15.804093534999993,3492.2958498503936
15.82127832499998,3491.4595988687433
15.838492803000008,3485.4382456384783
15.85581321899997,3464.1200303811306
15.873065093000037,3477.883040402878
15.89027665399999,3486.0289546172735
15.907435662000012,3496.705637058096
15.924651597999969,3485.1430674550816
15.941717742000037,3515.7326692988736
15.958887428000025,3494.531000744025
15.976141644999984,3477.4107686337416
15.993288674000041,3499.148453052735
16.010536797999976,3478.639184193523
16.027680233999945,3499.8818206634423
16.044855075999976,3493.4819196526373
16.062046583999972,3490.0952260856407
16.07932408299996,3472.724842874639
16.096447414999943,3503.9909288717954
16.113805173999936,3456.6674188774464
16.130925433000016,3504.6198775216308
16.14823813999999,3465.6625333110096
16.16545251399998,3485.459302791448
16.18256902199994,3505.3878980541135
16.199786052000036,3484.9216153809093
16.21694719599998,3496.2704118211113
16.23424839300003,3467.968141153528
16.25150995399997,3475.931290351122
16.268636722999986,3503.2877479662125
16.285894950999932,3476.6025805307263
16.303034583999988,3500.658386314537
16.320177290999936,3500.0306544457385
16.337321768000038,3499.6693103933194
16.354580203999944,3476.5606802566244
16.371685514999967,3507.6824969694703
16.388903221999954,3484.7845883338746
16.40612165799996,3484.6370483343703
16.42316155100002,3521.148871051492
16.440319518000024,3496.917787520521
16.4576141,3469.2946033665626
16.474888473999954,3473.3530720223152
16.492268525999975,3452.233629676499
16.509876339000016,3407.578215412773
16.52762300699999,3380.9163500490918
16.545593634999932,3338.7814827722304
16.563817234,3292.434167355288
16.582043956999996,3291.86985504782
16.60042557700001,3264.1301473947947
16.61900558399998,3229.2775777803126
16.637592830000017,3228.019901381653
16.656221222,3220.8899190041134
16.674859094,3219.2516398869006
16.693699674999948,3184.615166600275
16.71256765199996,3179.9911564423146
16.731390159999933,3187.67297110949
16.750320949999946,3169.4398384831566
16.769320021999988,3158.0489825958985
16.78839419799999,3145.6142587752315
16.80746108300002,3146.817112491518
16.826555935999977,3142.2080075787135
16.84562865399994,3145.854722967221
16.864807206000023,3128.494789373797
16.884020653999983,3122.81272992367
16.903314153999986,3109.8556508663232
16.922635727999932,3105.3370703736596
16.941997197999967,3098.938252100208
16.96147142799998,3080.9947299562427
16.98091519000002,3085.822589264634
17.00046739000004,3068.708380639291
17.019897871000012,3087.931791296677
17.039564706999954,3050.8211895485665
17.059280553000008,3043.2374040574537
17.079063536000035,3032.909647646013
17.098973967000006,3013.4957902260862
17.11908283699995,2983.7579138044784
17.139126706999946,2993.433902735104
17.15937839000003,2962.7167282715995
17.179742261,2946.394622126691
17.200150038999936,2940.0555023771085
17.220778965000022,2908.5372646036158
17.24136544199996,2914.534623878614
17.262008949999995,2906.482754767224
17.282864335,2876.9548008817565
17.303781490999995,2868.4587904785817
17.324805105999985,2853.9335409266378
17.34592200299994,2841.3265452838255
17.367253901000026,2812.689241236812
17.388463766999962,2828.872186188364
17.409817488000044,2809.814739069077
17.431168917000036,2810.1163627044452
17.452551857000003,2805.9752307256745
17.474071933999994,2788.0941132331914
17.495532999000034,2795.7606018102783
17.517196514000034,2769.6336444016347
17.538706329999968,2789.424140131338
17.560275260000026,2781.779161035786
17.58185252399994,2780.7047269864197
17.603448954999976,2778.236829960661
17.625157262000016,2763.918899796734
17.64690666299998,2758.6966647998834
17.66878262599994,2742.7363997698576
17.69064494400004,2744.448232786515
17.71248991799996,2746.627210461469
17.73420020399999,2763.6669549133676
17.756052417999967,2745.7172074216905
17.777815932999943,2756.9076043124783
17.799780647000034,2731.654052028622
17.821868696000024,2716.4010728166754
17.843893826999988,2724.1608687865787
17.865984114999947,2716.1257472112966
17.88798143400004,2727.605123140088
17.91017453500001,2703.542871276939
17.93232930199997,2708.220763509087
17.95466438400001,2686.3568264442065
17.97713102800003,2670.6258397982697
17.999592620000044,2671.226509677697
18.02206738999996,2669.660245698686
18.04451622199997,2672.744844808656
18.066860417000044,2685.2612054183674
18.089539615000035,2645.596197891219
18.112192563000008,2648.66188718892
18.13494415699995,2637.177861039219
18.157919970999956,2611.441753488465
18.18086984699994,2614.3932106666402
18.203782639999986,2618.6244514092987
18.226743767000016,2613.112152548971
18.249773644000015,2605.3113527268306
18.272954458999948,2588.347303585959
18.296197879000033,2581.37571836588
18.319619998000007,2561.6811186069735
18.342989615999954,2567.436061647912
18.366416266999977,2561.185548883721
18.389806405999934,2565.18355876848
18.41314727400004,2570.59848844227
18.436611008,2557.1377513954167
18.460144482000032,2549.559831239405
18.483786497999972,2537.8546398138333
18.50753226500001,2526.76613898836
18.53115448899996,2539.9809941741905
18.55479509899999,2538.005575995085
18.57828659300003,2554.115970652858
18.601876837999953,2543.424199290673
18.625496925999983,2540.2106884582563
18.64930920400002,2519.708530192176
18.67322668999998,2508.6248613295716
18.697314386000016,2490.898257762214
18.721322185999952,2499.187763983397
18.74539696499994,2492.2347158421785
18.769547316999933,2484.4358376233577
18.793831576000002,2470.7362905258574
18.817996980999965,2482.888244583248
18.842424782999956,2456.2177145541773
18.866732272000036,2468.3750756733007
18.89130788700004,2441.4444969125593
18.916032460999986,2426.7354414328183
18.94064990000004,2437.296584745069
18.96517707800001,2446.2659340618197
18.989555607999932,2461.182031902359
19.013985805999937,2455.9768201628485
19.038584389999983,2439.164790944403
19.063077713999974,2449.6470956748135
19.08785546499996,2421.5272806652038
19.112683008999966,2416.670775006565
19.137476126000024,2420.0264936376793
19.162108303999958,2435.8381950699654
19.186767825999937,2433.137187332791
19.211420005000036,2433.861931627108
19.236158069,2425.412109860026
19.260943736999934,2420.753800145925
19.285870812999974,2407.0211845105223
19.31079278499999,2407.5141405328013
19.33564147499999,2414.6142110510723
19.360513966999974,2412.303519889929
19.385511303000044,2400.2557712483135
19.41051999399997,2399.165953954924
19.435784989000013,2374.8273055228155
19.46086831499997,2392.0272774073187
19.48598924600003,2388.446510993391
19.51087595699994,2410.925252445822
19.535855638000044,2401.952210668713
19.560818702999995,2403.551006261293
19.585867081999936,2395.3645862729077
19.611151972000016,2372.9587116973935
19.63674035400004,2344.8141426036536
19.662399308999966,2338.364910035212
19.68829451600004,2317.031101540296
19.71439159800002,2299.1076167078627
19.740656650999995,2284.404299509999
19.76687665099996,2288.3295194537154
19.79332852799996,2268.270036186888
19.819842851999965,2262.9277668927275
19.846433114999968,2256.465082725723
19.872962283999982,2261.661494182811
19.89930290999996,2277.850192324562
19.925645150000037,2277.710627487492
19.95206624499997,2270.912693064142
19.978403172999947,2278.1700280325167
20.004965883999944,2258.8055865234205
20.031543907000014,2257.5042545430047
20.058278805999976,2244.2575900543193
20.085025110999936,2243.300523197073
20.11220339800002,2207.644653977489
20.139571373999956,2192.343343188352
20.167027214999962,2185.327340728268
20.19457935799994,2177.6890458228177
20.22235806599997,2159.927668340064
20.25013687699993,2159.9196596313004
20.278370690999964,2125.1114001081114
20.306654662000028,2121.342862353499
20.335307489,2094.034211704676
20.393277886999954,1035.0110068254057
20.422692645999973,2039.7923369000089
20.452459698999974,2015.651331020206
20.48240138799997,2003.8949706546287
20.543048571999975,989.328704857855
20.57368557799998,1958.4159104838009
20.604982795999945,1917.103302922014
20.636904809000043,1879.5807144059102
20.66785254599995,1938.7524199324357
20.69922158700001,1912.7138760755183
20.729855310999938,1958.6257289562245
20.75945345699995,2027.153998090809
20.788109982000037,2093.76398568272
20.815664209000033,2177.5243413654366
20.842264159000024,2255.6433376762343
20.86807019799994,2325.0371744455747
20.893520610999985,2357.5255929990585
20.918310497999983,2420.341811158995
20.942872571999942,2442.790458171367
20.966924746000018,2494.5769974810073
20.99068447100001,2525.2817530515713
21.014055600000006,2567.270070693064
21.037294175999932,2581.9137971358864
21.06052514800001,2582.7589133936035
21.084123102000035,2542.5933112649495
21.107630846000006,2552.3504084472384
21.130978693999964,2569.8299903318275
21.15431602000001,2570.988638539014
21.177805847999934,2554.2971195954874
21.201617188,2519.8077890548993
21.225787696999987,2482.3639419439883
21.250206695999964,2457.1031760989476
21.274783665999962,2441.309892960941
21.299251937000008,2452.155283055632
21.323668072000032,2457.391393025183
21.34754133900003,2513.271434529779
21.371289084999944,2526.5555729045013
21.394747193999933,2557.7509252782284
21.418220303,2556.11644796749
21.441582161000042,2568.2888749639405
21.46502641500001,2559.262495623838
21.488110979999988,2599.1392950251034
21.510929448999946,2629.4489783740737
21.533286718,2683.690928433869
21.555857478000007,2658.306587814468
21.578108964999956,2696.4490058636784
21.600193211000033,2716.8688484900727
21.62198750799996,2753.013781550136
21.643845919,2744.938778939247
21.66541297499998,2782.020874803381
21.686964873999955,2783.9774119242716
21.708157135999954,2831.2220753028255
21.729053197999974,2871.354420748901
21.749564779000025,2925.1767574548126
21.77004531800003,2929.610397460061
21.79016418799995,2982.2748494443613
21.81038571499994,2967.1349745264333
21.830751982000038,2946.0479919912154
21.85129684399999,2920.438209813312
21.87208655099994,2886.043559928346
21.89306079100004,2860.651923488645
21.914037739000037,2860.282630247571
21.935257137000008,2827.6014239462297
21.95642929400003,2833.9105930460023
21.977681973000017,2823.173492623711
21.998954235000042,2820.574511536647
22.020335716999966,2806.166569754728
22.041605947999983,2820.843835685312
22.06285263699999,2823.969419422265
22.083935107000002,2845.966340754699
22.10510492000003,2834.2243741084944
22.126530724999952,2800.3615266833353
22.147979394999993,2797.3762475662206
22.169329574000017,2810.280888040024
22.190881578000017,2783.963848559032
22.21243373799996,2783.943697530156
22.23392272000001,2792.128542890408
22.276617662000035,1405.318690911071
22.297877424000035,2822.2329111680974
22.31906005099995,2832.5098676494003
22.339917414999945,2876.6818280592465
22.36066300699997,2892.1806617967677
22.381254119999994,2913.8784290063663
22.40157346000001,2952.85181506668
22.42175540300002,2972.954586184594
22.442080368000006,2952.0346037516365
22.46248918799995,2939.9053938525994
22.48309352900003,2912.007717197378
22.503675423000004,2915.183607498633
22.524175596999953,2926.8044261550995
22.544757906999962,2915.124687169425
22.565219956999954,2932.2575206308134
22.585685078999973,2931.817362239284
22.606033742000022,2948.596671921551
22.626422144000003,2942.8495671243595
22.646730703000003,2954.419365746227
22.666960823999943,2965.874499721308
22.687191726000037,2965.7600041620217
22.70746575299995,2959.4515189436493
22.727822228000036,2947.4651185801677
22.748168130999943,2948.9966604222573
22.76874361800003,2916.09136637909
22.789340771999946,2913.0238090294542
22.810113239999964,2888.4386775777975
22.830946488999984,2880.011658284392
22.851833071999977,2872.657533308454
22.872691895000003,2876.480614458704
22.893696654999985,2856.495384858
22.914751415999945,2849.711758785374
22.936100188999944,2810.4659691683833
22.957251200999963,2836.7436981241203
22.978004294000016,2891.1353117266294
22.998632749999956,2908.603532914607
23.01901005900004,2944.4515956330515
23.039190179000002,2973.2231522958336
23.059153111,3005.5705244101605
23.07907151099994,3012.290143796068
23.099194600000033,2981.649586687155
23.119073780999997,3018.2329946141303
23.138947701000006,3019.0319775853254
23.158711256999936,3035.8909095211898
23.178506374999984,3031.050383223613
23.198409461999972,3014.607733967793
23.21853635299999,2981.0863486042686
23.238599284999964,2990.5898101074868
23.25869982200004,2984.9948784837884
23.27873134799995,2995.2785424467897
23.298559747000013,3025.9629130830426
23.318275593999942,3043.2372497217434
23.337949826,3049.6743151055202
23.35761947499998,3050.3848848580174
23.377510842999982,3016.3837901943307
23.39707694899994,3066.527391813844
23.416566388999968,3078.590251947184
23.43567551299998,3139.861356280223
23.45485734600004,3127.959668912125
23.473915896999983,3148.1931653763854
23.493065803000036,3133.1746484727305
23.51216560499995,3141.3938217929917
23.531233165999993,3146.7055487519347
23.550385155999948,3132.833715981553
23.569681521000007,3109.393919518817
23.589117157000032,3087.1127654336033
23.608549409000034,3087.6503659995556
23.628019577000032,3081.637508212879
23.64743901600002,3089.687606322355
23.666894652999986,3083.939117496349
23.68638122699997,3079.0430375318383
23.705841135000014,3083.2622641311136
23.725289635999957,3085.070669465849
23.74455100099999,3115.04402724803
23.76375507399996,3124.337217427625
23.782632218000003,3178.44690912254
23.801375089999965,3201.2169746516383
23.81992785700004,3234.0189471339413
23.83845463399996,3238.555740173214
23.857002349000027,3234.899824575713
23.875445166999953,3253.2989264569646
23.893788037000036,3271.025744593292
23.912347262000026,3232.8936149021547
23.93099831099994,3216.977232770005
23.949926027999936,3169.954411301162
23.96899239200002,3146.903101175538
23.988033703000042,3151.043538962503
24.00720887,3129.0470638473566
24.026385337999955,3128.8347781322664
24.045561025999973,3128.962048190514
24.064876348999974,3106.3420477098816
24.084127714000033,3116.662117196132
24.10331038100003,3127.823675405203
24.122234452000043,3170.565149536413
24.14119451299996,3164.5467807442983
24.160015509999994,3187.928886014404
24.178952185999947,3168.454696069628
24.19771412099999,3197.964389060183
24.216437670000005,3204.520681413149
24.235272990999988,3185.504510385224
24.254143779999936,3179.5172952315925
24.272984778000023,3184.544682809424
24.291794630000027,3189.8177614575266
24.31072385699997,3169.7015414404946
24.329734959999996,3156.0504406251544
24.348714968999957,3161.2208403127734
24.36770315499996,3159.8595042199163
24.386514933999933,3189.4910098656487
24.405337442000018,3187.6729710902364
24.42413646099999,3191.6559050284886
24.442796727999962,3215.3880756415265
24.461501839999983,3207.679269706273
24.480260129000044,3198.5859691043265
24.49888320900004,3221.80863745459
24.517433684000025,3234.418525674029
24.535926138000036,3244.5666756810106
24.554492082000024,3231.7236333384603
24.572871462999956,3264.5277879719415
24.591365062000023,3244.3657937961902
24.609669962999988,3277.8106803262617
24.628007207999985,3272.029140691903
24.64635684899997,3269.818739235568
24.664718469000036,3267.685531003803
24.68306862999998,3269.726080342478
24.701419572999953,3269.5867454924796
24.71974525500002,3274.093700838948
24.738044478999996,3278.827561216937
24.756293910999943,3287.7735592084023
24.77458516599995,3280.2560567863084
24.792665220999993,3318.573975569377
24.810837204999984,3301.7858699428916
24.82903215700003,3297.6179327020814
24.847266641000033,3290.468762372783
24.865481384999953,3294.0347665750355
24.883669723000025,3298.817077171109
24.901798215999975,3309.706989994592
24.919798740000033,3333.2362991102837
24.937868743999957,3320.419851608952
24.955848225999944,3337.1372990636423
24.973854896000034,3332.0986056665533
24.991782659000023,3346.764456895017
25.027469381999936,1681.2975514772575
25.045201362999933,3383.7166868162985
25.063084126000035,3355.1862203651904
25.080922096999984,3363.6112537783342
25.098832463999997,3350.0151057739904
25.116772415000014,3344.4907402447348
25.134837105999964,3321.396419134295
25.152767004999987,3346.3657547609
25.17065659100001,3353.9065688786704
25.188565552,3350.2781093797826
25.206484199999977,3348.4669155885335
25.22428555600004,3370.529750642907
25.242055454000024,3376.4965899104636
25.259952174999967,3352.5694455532866
25.277743792000024,3372.374753784731
25.29561400299997,3357.542896398089
25.313577442999986,3340.1174830624773
25.33146619599995,3354.0627454644446
25.349436199000024,3338.8976061804697
25.36726036699997,3366.216027596757
25.384968493999963,3388.2747734996565
25.40255932799994,3410.867273267715
25.42039182999997,3364.6428302595536
25.438008446000026,3405.8754530276015
25.455784073000018,3375.408361124346
25.473482562999948,3390.1197220914446
25.49123912799996,3379.0319242463265
25.50899142100002,3379.8450712707804
25.526933246999988,3344.141226210904
25.544686426,3379.676394856677
25.56234564600004,3397.6585602228965
25.580085230999998,3382.2662706112133
25.597717001999968,3402.9480078946244
25.615438462000043,3385.7255553292594
25.633008775000008,3414.8509477389816
25.650623046999954,3406.328686203067
25.668359402999954,3382.882030559087
25.68601846699994,3397.6885751163304
25.703739092999967,3385.8849004491553
25.72138367799994,3400.4766901629564
25.73900831399999,3404.325626913834
25.75669003400003,3393.335037533647
25.774238367999942,3419.127992452241
25.79185274400004,3406.308574295796
25.80944019200001,3411.523945946872
25.827029619999962,3411.1399188288988
25.84464118400001,3406.8524521634367
25.862275091000015,3402.535807860753
25.880020404999982,3381.174320167648
25.897692957999993,3395.0952078039777
25.91536233499994,3395.7054626305476
25.932963636999943,3408.838732497777
25.95050405500001,3420.671046708874
25.967981658999975,3432.964838894553
25.985412908999933,3442.0939404886126
26.002972023999973,3417.028705596107
26.020615878999934,3400.617382093381
26.038093900000035,3432.882933351016
26.055673483999954,3413.050047161477
26.073281192999957,3407.5983422935938
26.09087384999998,3410.5138297144063
26.108449476000033,3413.818659990859
26.125900986000033,3438.0979067139356
26.14326869399997,3454.687285173983
26.160737496000024,3434.694605836033
26.17811020399995,3453.6929994021657
26.19556426600002,3437.595214212025
26.21313312099994,3415.1343385932446
26.23074025699998,3407.7092378834977
26.248299737000025,3416.9576775533774
26.265888695999934,3411.2308750228626
26.283412602999988,3423.8939980572773
26.300882342000023,3434.510383920498
26.31832551900004,3439.7403638074115
26.335861249000004,3421.585528525236
26.353280624000035,3444.4404578173503
26.37079973899995,3424.8305351209647
26.388201195999955,3447.987142684742
26.40570531100002,3427.7654140055906
26.423348072999943,3400.828056302156
26.44085062499994,3428.0715177999605
26.45826708300001,3445.017350815916
26.475703384999974,3441.0966270326026
26.49313260400004,3442.4950423641426
26.510560155000007,3442.8245253798004
26.528038488999982,3432.821457702215
26.545547552000016,3426.7967394876146
26.563011978999953,3435.5550285285117
26.58049802100004,3431.308240006628
26.597998542000028,3428.4693581431525
26.61546479200001,3435.1964503001423
26.632916926999997,3437.9747807389526
26.65026921799995,3457.756673177401
26.667741873999944,3433.9370041976395
26.685183279999933,3440.089634977698
26.70266932200002,3431.308240006628
26.720138281000004,3434.6637369779014
26.737512967000043,3453.2998178997054
26.75510447900001,3410.735813960266
26.772486717999982,3451.7992762669296
26.79001536399994,3422.968322832113
26.807342966999954,3462.683211287612
26.82475536300001,3445.821011640956
26.842202810999993,3438.8983420413997
26.859606039000028,3447.636266092728
26.876989372000025,3451.5820412579733
26.894415152999954,3443.174225605415
26.91189770599999,3431.9930275558577
26.92933051800003,3441.785524898019
26.94679801799998,3434.9506225941504
26.96422984100002,3441.980795690094
26.981574370999965,3459.3038842901897
26.998960099999977,3451.106364303762
27.01629390100004,3461.4450690751805
27.03365739000003,3455.5267089485033
27.050990358000035,3461.611421655086
27.06842468100001,3441.4872318292055
27.08577879500001,3457.3934457270966
27.103268951000018,3430.5011344651507
27.120614522999972,3459.096073635383
27.138027491999992,3445.7076217117906
27.155282021999938,3477.347687835554
27.172637021000014,3457.2171395535897
27.189913113999978,3473.007467610006
27.20728394699995,3454.0657894813926
27.224640195999996,3456.9681501944688
27.24200055999995,3456.1487305308583
27.259355819999996,3457.165147617782
27.27671175599994,3457.0304937856445
27.294168370999955,3437.09247181941
27.311508682999943,3460.145353788509
27.32876274399996,3477.442209108984
27.346140451999986,3452.6992857693886
27.36344159700002,3467.978564417858
27.380818106999982,3452.937327468437
27.398148626999955,3462.1003870681875
27.415589564000015,3440.182141578314
27.432947323999997,3456.66721973707
27.450226020999935,3472.484065217167
27.467505551000045,3472.3166659983567
27.484877633999986,3453.817253820597
27.50206924600002,3490.07411288039
27.519466849999958,3448.7507590246873
27.536707785999965,3480.089480059213
27.554064140000037,3456.9472367153353
27.57152768200001,3435.7291321595762
27.58887507700001,3458.7325647449934
27.606217784000023,3459.6675132642104
27.623496273,3472.5258672837676
27.640729604999933,3481.6250276055175
27.658091114999934,3455.9205967682424
27.675365905000035,3473.2694290146505
27.69259517499995,3482.445861042983
27.709940122000035,3459.2207171178998
27.727268975000015,3462.4334339997113
27.74458418300003,3465.1619547367136
27.761818868999967,3481.3515024419976
27.779050377999965,3481.9933645977076
27.796277980000013,3482.7830361899673
27.813551209000025,3473.5833120698426
27.830777508999972,3483.0462722803395
27.848047663999978,3474.2015922833634
27.865417976000003,3454.169389698469
27.88277412100001,3456.9888647492053
27.900040057999945,3475.0503259817465
27.917399587999967,3456.3147734947615
27.934694951999973,3469.137741187712
27.952070108000044,3453.2064057298144
27.96930880399998,3480.5416836762797
27.986554427999977,3479.143462713151
28.00390645799996,3457.8086829066433
28.021270415999993,3455.4333752642783
28.03853781099997,3474.75690456393
28.05589192499997,3457.3934457270966
28.07312036099995,3482.614440455431
28.09039494299998,3473.3112500149177
28.10762587900001,3482.1091552940734
28.12485186699996,3483.1093578013483
28.142077856000014,3483.1091555796643
28.15941723000003,3460.332535646494
28.176649988999998,3481.7407938053116
28.193878736999977,3482.551372860714
28.211167069999988,3470.5486063904377
28.228289306999955,3504.215015836785
28.245630295999945,3460.010268159083
28.262845502999994,3485.2906502854225
28.280072741000026,3482.856625065942
28.297312062999936,3480.4152970931978
28.314655811999955,3459.459658919877
28.33200742600002,3457.891582868456
28.349250966,3479.5639410506824
28.366489193999996,3480.636176758545
28.383738723999954,3478.3556421621547
28.400982055999975,3479.605913748409
28.418242679999935,3476.119982692437
28.43534679200002,3507.9283858587064
28.45258460299999,3480.7203768561503
28.46987970700002,3469.189893273033
28.487159549000012,3472.2539708420018
28.50438829799998,3482.5511707267956
28.521688921999953,3468.083000942411
28.538905587000045,3484.9954970768235
28.55631220099997,3446.965618945868
28.57357334599999,3476.0150615691523
28.590812510999967,3480.44699381183
28.60802313499994,3486.218744892534
28.625331155000026,3466.6010323364026
28.642415475000007,3511.99228298623
28.65959865100001,3491.7875484711835
28.67678047200002,3492.0629192895776
28.69399458500004,3485.512149241774
28.71107552000001,3512.6882691208166
28.72830770600001,3481.856567703958
28.74554067400004,3481.6985675302485
28.762698119999982,3497.0239743259563
28.780019003999996,3464.0264319044254
28.797174627999993,3497.395373086376
28.814524886999948,3458.1616332158424
28.831762698000034,3480.720376833194
28.848989207000045,3483.0040143340543
28.866177121999954,3490.824803376044
28.88341889200001,3479.9211449757313
28.900663733999977,3479.301231064369
28.917859045,3489.32333936381
28.93508190800003,3483.7413500820826
28.952236020999976,3497.703437081586
28.969533103000003,3468.793175629577
28.986791279000045,3476.6130557398856
29.003946121000013,3497.5548011524456
29.02134898500003,3447.7083771921248
29.038722994999944,3453.4341813031706
29.05597111899999,3478.639184170594
29.073364451999964,3449.597613067845
29.090599085999997,3481.3620062883106
29.10785371999998,3477.3267285797224
29.125039969,3491.163196805319
29.142248768999934,3486.588257183949
29.159549496999944,3468.0621532208293
29.176787985000033,3480.5836799428066
29.194137515999955,3458.306740410902
29.21137136899995,3481.5197739021633
29.22869996199995,3462.485384704521
29.246018346000028,3464.526482362999
29.26323167800001,3485.670293238945
29.280392561999975,3496.323382882115
29.297667716999968,3473.196043683796
29.31490063199999,3481.7092755301264
29.332313288000023,3445.769559789484
29.349531047000028,3484.774063801436
29.366801150000015,3474.212053051728
29.384035783999934,3481.362006311275
29.401267657999938,3481.9196101356774
29.418477395999957,3486.3982240712653
29.435647915000004,3494.3614692041097
29.453009684999984,3455.8688428697533
29.470237965000024,3482.645975097903
29.487470567999935,3481.772312651142
29.504676191000044,3487.232051964639
29.521888794000006,3485.8179207487296
29.539029572999993,3500.4243389430285
29.556119310999975,3510.878867778138
29.573284516999934,3495.443049162603
29.59035810900002,3514.1990039173306
29.60761982600002,3475.8998771681604
29.62468977200001,3514.9496079265227
29.641941592999956,3477.8937249691126
29.65916190400003,3484.257630407673
29.676378777999957,3484.953191865801
29.693644402000018,3475.113323433281
29.710851170999945,3486.999796432187
29.72804840899994,3488.93235064956
29.74526903200001,3484.194503285524
29.762472000000002,3487.770249879368
29.779693299999963,3484.057533411466
29.796892153000044,3488.6047342642496
29.81395876499994,3515.6362610442093
29.83117267,3485.554265565112
29.84824688599997,3514.0705728514117
29.865492769999946,3479.0910109381753
29.882717664999973,3483.3303773350794
29.899864382000032,3499.2121232181803
29.91703807800002,3493.7150395609797
29.93424974300001,3486.0078905807404
29.951342761999967,3510.2049556106595
29.968432185999973,3510.9433764404002
29.985503955000013,3514.5742658454956
30.00261676499997,3506.145396352089
30.019843326,3482.993500554013
30.037034157999983,3490.2324681004106
30.05415025000002,3505.473095135768
30.07140498800004,3477.3057695765474
30.08853925699998,3501.754291368539
30.105741807999948,3487.8547954957344
30.122867378000024,3503.5330210752104
30.140065188999984,3488.816105732271
30.15721362499994,3498.8613538955588
30.174425966999934,3485.8707780744107
30.19167862200004,3477.7256022118986
30.208808723999937,3502.6061141003643
30.225936691000015,3503.0427136930357
30.243001949000018,3515.91520034398
30.260064916000033,3516.387273089503
30.277342309999995,3472.745947689425
30.294427412000005,3511.831536034426
30.311494701000015,3515.496807956025
30.32863558500003,3500.4028963705114
30.345819853999956,3491.5654544430217
30.363001519000022,3492.094625274554
30.380149641999992,3498.9252176524055
30.397272191999946,3504.150958832789
30.414419221999992,3499.1482489875734
30.43166432399994,3479.248774532271
30.448886302000005,3483.9203719671546
30.465986768999983,3508.6761080898577
30.483164371000044,3492.9206067172836
30.50036327600003,3488.594186667518
30.517572075999965,3486.588257183949
30.534736189,3495.6656367781225
30.551766811999983,3523.06548034456
30.568946654,3492.46518099147
30.586224569000024,3472.6412301439264
30.60330331700004,3513.138082483542
30.62052091999999,3484.8056375894657
30.637649875999955,3502.8404533307576
30.65468101900001,3522.9579130308757
30.67181971499997,3500.849772942876
30.68887559799998,3517.8477713501215
30.706096222000042,3484.19430096082
30.723199969999996,3508.003041214191
30.74043007199998,3482.277702131554
30.757600070999956,3494.467297294935
30.77472147499998,3504.3855048290416
30.79173428499996,3526.754251652745
30.808871990999933,3501.052007783327
30.82601896799997,3499.1590645899373
30.84306849699999,3519.158799045602
30.860287037000035,3484.616001115381
30.877457816999936,3494.3083540960333
30.89467786700004,3484.3104404245482
30.911901771999965,3483.5305931068897
30.929075729000033,3493.6619440564446
30.946112028000016,3521.891697255355
30.963217912000005,3507.5649992739145
30.980403638999974,3491.269237554385
30.997487231000036,3512.1419429695907
31.014696917000038,3486.4087584164126
31.03187462300002,3492.8994593373404
31.04903592300002,3496.2386299410427
31.066206963000013,3494.2554440512417
31.083426180999936,3484.4787957425674
31.100560554000026,3501.7330368426765
31.117609614000003,3519.255607058819
31.134748414,3500.828529419058
31.15180111999996,3518.503163084252
31.168947419999995,3499.297224466777
31.18609293899999,3499.4566218738437
31.203259499999945,3495.1671450188605
31.220431425000015,3494.075358455931
31.237703350999936,3473.845360400089
31.254860952999934,3496.99217874437
31.272026159999996,3495.4428455062493
31.289265585999942,3480.394300841944
31.30638417700004,3504.9613604095334
31.323405788999935,3524.930541265626
31.340535630999966,3502.659277294601
31.35761094099996,3513.845429454304
31.374785678999956,3493.5030741091996
31.39205198000002,3474.9770665865235
31.40923989500004,3490.824803352955
31.426337183999976,3509.3282917677093
31.443474057000003,3501.2221891302065
31.460579680000023,3507.618518187177
31.477704001000006,3503.788558977592
31.494779988000005,3513.70611842266
31.511881601000027,3508.440987403988
31.528970661000017,3511.018160158456
31.546076075999963,3507.6611704649226
31.563244303000033,3494.827974942016
31.58023081099998,3532.2150968399687
31.597408464999944,3492.9100330068622
31.614596484000003,3490.803681319706
31.63179814900002,3488.034443174211
31.648992522999947,3489.513488554557
31.66605366600004,3516.7632086359804
31.683178194999982,3503.74600085051
31.700262307999992,3512.0348361056413
31.717332461999945,3514.9067782379834
31.734397354999942,3515.990402050013
31.75147610299996,3513.138082483542
31.768558547999987,3512.377765589232
31.785589066999933,3523.0869946002563
31.80277250300003,3491.734714737242
31.81985229199995,3512.9239594396367
31.83690353899999,3518.8042258644205
31.854082235999954,3492.697961907661
31.871154889999957,3514.392079871625
31.888272700000016,3505.1212742631046
31.90541457300003,3500.2009406994525
31.922615561000043,3488.1717259470106
31.939627642000005,3526.905379778949
31.956768993999958,3500.307326992854
31.973750137000025,3533.3310602098754
31.99093341699995,3491.7664148088465
32.00815008200004,3484.9954970768235
32.02530539199995,3497.4593872290334
32.04250653700001,3488.1398883502798
32.05971497300004,3486.6620069299856
32.07680476199994,3510.868390496924
32.093865488999995,3516.84895958996
32.110928403,3516.3981955235836
32.12799798399999,3515.024768331786
32.14507074200003,3514.370671678149
32.162165584000036,3509.830626102268
32.179260580999994,3509.798802547103
32.19648578800002,3483.267283807748
32.213557713,3514.542150347032
32.230619742000044,3516.58058955616
32.24764432300003,3524.315811358061
32.264729528999965,3511.810159048364
32.28192916299997,3488.4463239143824
32.299032024999974,3508.1847704784473
32.31625374199996,3483.9731717839636
32.33338363600001,3502.648644517348
32.35061556200003,3481.909102901362
32.384802640999965,1755.0490347570922
32.40193732599994,3501.6692749293256
32.41910518899999,3494.9020737065784
32.43606841500002,3537.0630562779966
32.45310632899998,3521.557862080542
32.47020111899997,3509.8413025280993
32.48728986699996,3511.082263020574
32.50446913600001,3492.581669209269
32.521537050000006,3515.3680760295883
32.53861064199998,3514.1990039407306
32.55583772299997,3482.888366290514
32.57294219999994,3507.8535286455485
32.58991886399997,3534.2632686791403
32.60701776799999,3508.9968339445613
32.624051098999985,3522.5053749042813
32.64117802399994,3503.255838403639
32.65826046999996,3512.3775599781256
32.67545265599995,3489.957588874416
32.692476403,3524.4884689494875
32.709652077999976,3493.3124899070544
32.72671535699999,3516.322976372557
32.74388071999999,3495.4110786930073
32.76094436300002,3516.247966503953
32.77799144400001,3519.6641583415862
32.795144619999974,3497.894500710631
32.81222196099998,3513.42752949576
32.829453262000015,3482.035395926731
32.84656940499997,3505.462650093839
32.86371721599994,3498.9888796940963
32.880846953999935,3502.680543042771
32.91500257400003,1756.6655209256292
32.93216517600001,3495.9733961116667
32.949159549,3530.58038681628
32.96616168100002,3528.9691904487963
32.98325443900001,3510.258555116495
33.00035646899994,3508.3554408591303
33.01730604900001,3539.9107234362705
33.034408858999996,3508.1954368936745
33.05134146,3543.460334296703
33.068525103999946,3491.6924489474413
33.085472288999995,3540.410988599355
33.10258681799996,3505.7932356835636
33.119671659000005,3511.885185226689
33.136758687999986,3511.43548712103
33.15393936399994,3492.295646583717
33.170977121999954,3521.5901059251673
33.18806055699997,3512.174220227822
33.205085919,3524.154141327858
33.222016071999974,3543.9726977119553
33.238996434,3533.4935733352418
33.255947472,3539.606247121446
33.272932157000014,3532.5942164932817
33.28990382099994,3535.304493434748
33.306880483999976,3534.263476860565
33.323960951000004,3512.784515780614
33.34116631400002,3487.2847495250635
33.358198915,3522.656345913421
33.37524193399997,3520.5030282547596
33.39225646199998,3526.3981463361793
33.40938437700004,3503.0533488629303
33.42631687400001,3543.482098364104
33.443331297999976,3526.419701314343
33.46034843099994,3525.8583217345977
33.47741848099997,3514.9281929400777
33.49459103100003,3493.9481905604316
33.51163451799994,3520.406358177601
33.528743890999976,3506.849724993548
33.54586513899994,3504.4174349975306
33.56304904399997,3491.6394149010202
33.58008154100003,3522.677855148968
33.59715164299996,3514.9174855681176
33.61421559899998,3516.1834688243316
33.63107486599995,3558.8735856723633
33.648062154999934,3532.0527012905054
33.66515631899995,3509.9698353164154
33.682063450999976,3548.7982231344126
33.699165584999946,3508.334106147582
33.71627349899995,3507.14879674833
33.73336177800002,3511.1786271618025
33.75038766099999,3524.0463005702595
33.76750807600001,3504.5879436872515
33.784651251000014,3499.9351053697037
33.80168077899998,3523.2920137374604
33.81869848500003,3525.739603201192
33.83574759700002,3519.244873282378
33.85282608399996,3513.191771626355
33.86984170699998,3526.1712133566093
33.88676561,3545.281487369047
33.90378487800001,3525.4160167144128
33.92093154299994,3499.2227351647603
33.938044718000015,3506.0706151681793
33.955195601000014,3498.362154298546
33.97235768300004,3496.0793218389945
33.98938023200003,3524.736512730119
34.006453824000005,3514.1990039407306
34.02347251899994,3525.5347134568747
34.04036772400002,3551.3034615269107
34.057430013000044,3516.5270029079084
34.074483188000045,3518.406396462639
34.09153130999994,3519.4492390645955
34.10853177599995,3529.315019950253
34.12563708699997,3507.6824969694703
34.142826980999985,3490.42291941756
34.16000541699998,3492.7510280923448
34.177044529,3521.3102654603235
34.194202390999976,3496.9391874163935
34.21135285799994,3498.447010225595
34.22850337700004,3498.4364029835033
34.24559650000003,3510.183598399028
34.26263165399996,3522.128417521541
34.279651443000034,3525.308098692674
34.29672774300002,3513.64171395748
34.31376159399997,3522.3978418134866
34.330787008000016,3524.1433776494773
34.347739818000036,3539.2362682013645
34.36480236700004,3516.4734178927683
34.381993042999966,3490.2641408780764
34.39901574800001,3524.704211219181
34.41617699699998,3496.2490201097203
34.43334834899997,3494.1919541356287
34.45030027300004,3539.4212479809785
34.46737198999995,3514.5849711732876
34.484482351999986,3506.6470247597117
34.50149594300001,3526.5923578344014
34.51856234699994,3515.679108512426
34.53559875099995,3521.8699908716976
34.55278520699994,3491.1211479570693
34.56985171500003,3515.6576846126363
34.586880931999985,3523.356358671485
34.603887231000044,3528.104498209316
34.62098306199994,3509.627581155776
34.638015924,3522.6023671049793
34.65504706699994,3522.957913054392
34.67221914899994,3494.043413023155
34.68924174999995,3524.725745494024
34.706462477999935,3484.173259112868
34.723498620999976,3521.9239472135755
34.74057314999993,3514.006155025129
34.75757257500004,3529.5311458839396
34.77466038499995,3511.274996639462
34.791729549000024,3515.110640434989
34.808826005000014,3509.4992786829243
34.826027461999956,3488.0766204980555
34.84306891799997,3520.8259200355783
34.86015584300003,3511.4568595459377
34.87720531900004,3519.169738704057
34.89426615000002,3516.8275214769988
34.91138927299994,3504.033697607765
34.92842005199998,3523.033209453686
34.945521299999996,3508.515869715449
34.96256280800003,3520.8151766780643
34.97957150299999,3527.607497232799
34.99651582299998,3541.0096126621743
35.01337008999997,3559.929363884697
35.03043816000002,3515.3359459987705
35.04742456400004,3532.2367229651504
35.06430122699999,3555.2051966780564
35.081271172000015,3535.662608211219
35.09831762800002,3519.793205109043
35.11540179199994,3512.0243519239434
35.132360747999996,3537.9536334555005
35.14939751600002,3521.794744162187
35.166597775000014,3488.3195654221195
35.18362058499997,3524.6824701767387
35.20069787399996,3513.438227815416
35.21761000599997,3547.7490360141337
35.23466755599998,3517.503979175534
35.25152062500001,3560.1824213663704
35.268548538999994,3523.6259708654425
35.28542869199998,3554.470152020648
35.302358896999976,3543.9618126313617
35.319287852,3544.2234916395387
35.33635712099999,3515.0890175810396
35.35332425299998,3536.248789720796
35.370382167,3517.4289189129267
35.38742153999999,3521.256327920035
35.40442627699997,3528.4285784645235
35.421529555999996,3508.099236404371
35.438690855999994,3496.2386299410427
35.45579616600003,3507.6827020312553
35.47276392399999,3536.1183251273515
35.489861056999985,3509.3603120490898
35.50691069000004,3519.137332739236
35.52400292699997,3510.365553686717
35.54102870600002,3524.0678267832513
35.55799656800002,3536.0966514222764
35.574868178999964,3556.2697599064654
35.591796144,3544.4307688414738
35.608551972999976,3580.8434187342014
35.62559598099995,3520.2987466388768
35.659531339999944,1768.067342384818
35.67649951399994,3536.0316319248323
35.69354258399994,3520.4924934299397
35.71068539500004,3500.0094208385103
35.727731799000026,3519.8039422305983
35.744895391,3495.77174755083
35.76195273199994,3517.5470784226522
35.77908330299999,3502.5102198762856
35.79622402999996,3500.4349582201703
35.81330642399996,3512.388251904453
35.83035371300002,3519.6212136595564
35.84746699200002,3506.049308259363
35.86448402099995,3525.8798701139303
35.881492142999946,3527.7263415693405
35.89852906700003,3521.7624965466143
35.91557468999997,3519.9652133685795
35.93255453099994,3533.601993099997
35.94956348599999,3527.553573974385
35.96647431600002,3548.022184593981
35.98353655400001,3516.5375140131596
36.00059910300001,3516.4734178927683
36.01761904900002,3525.2755796042334
36.034749515000044,3502.531688274503
36.051748782999994,3529.563743578727
36.06886805199997,3504.8225482104626
36.085833414000035,3536.61772733007
36.102875495000035,3520.6967975332013
36.11982820000003,3539.2581891810414
36.13691627100002,3511.2213660651264
36.15392923699994,3526.7219131728943
36.17094642099994,3525.84775483487
36.18797683599996,3523.108509095197
36.20483558199999,3558.983568523411
36.22200729899998,3494.117682000706
36.23881922199996,3568.8957176451745
36.25591546999999,3509.541976689579
36.27285249800002,3542.5341447092073
36.28987411000003,3524.930541242083
36.30689207599994,3525.6857370798502
36.32386597899995,3534.838157138877
36.34094279999999,3513.5345155774744
36.35788831799994,3540.7592733489346
36.374905763000015,3525.793678176882
36.39194133299998,3522.0424089205417
36.408998310000015,3517.622143704888
36.425956535999944,3538.105931614068
36.44306351299997,3507.340893713096
36.459978718,3547.1045133586163
36.476974756999994,3530.234309301721
36.493982254,3527.855980216802
36.510874385999955,3551.949511178824
36.527882352999995,3527.7584910564087
36.54481792199999,3542.8393341852825
36.56171937700003,3549.9902227272028
36.57872213500002,3528.839262432401
36.595687236,3536.672136526738
36.61266322300003,3534.4042146072043
36.629654939000034,3531.1324647831875
36.64654696699995,3551.9713796531532
36.66356545299993,3525.5780097041493
36.68041789799997,3560.3142451944477
36.69729664399995,3554.7664500721435
36.71431221399996,3526.1821966561574
36.731216794000034,3549.3339674656518
36.74823955199997,3524.693237148442
36.76520241399999,3537.138956854724
36.78218996299995,3531.9986420717364
36.79907620999995,3553.187395635764
36.815962455999966,3553.1876060525624
36.832916099000045,3539.062371416018
36.849811459999955,3551.270671299477
36.86681447800004,3528.78530151
36.88381317300002,3529.6827197650755
36.90086442099994,3518.80401952369
36.91785462600001,3531.446501072381
36.93488160300001,3523.819877127833
36.95186915199997,3531.9986420717364
36.968906285,3521.7192939617107
36.985954719999995,3519.384623868799
37.00291039399997,3538.6384522428293
37.01982481799996,3547.268295983785
37.03693507599996,3506.6683389573363
37.05401606399994,3512.677369721663
37.071235645,3484.405340628226
37.08865481199996,3444.481587446012
37.106298562999996,3400.6374268076283
37.12394648099996,3399.8344733988197
37.141837108000004,3353.7114154723263
37.15970752700002,3357.5038167787984
37.17769836399998,3335.0310494250293
37.19578914900001,3316.605664149535
37.21399623699995,3295.419893625902
37.232317647999935,3274.856941970193
37.25055067300002,3290.7320644663832
37.26902724199999,3247.3561514635276
37.287499904000015,3248.0429729038883
37.30595964999998,3250.315578563361
37.32445996800004,3243.1874954684286
37.34303560000001,3230.0381489098995
37.36164565900003,3224.0628576147483
37.38027019699996,3221.5564219760636
37.417848338,1596.6729168411011
37.436672929,3187.320245098928
37.45557205199998,3174.7504897478257
37.474468676000015,3175.1703372987395
37.49337024700003,3174.3393181420083
37.512318693,3166.486581543554
37.53133974399998,3154.3998278569507
37.55032662799999,3160.0761873277506
37.569317990999934,3159.330902167816
37.58838774000003,3146.344506144198
37.60749978199999,3139.3819666220684
37.62668854200001,3126.830498684513
37.64599792800004,3107.297145538516
37.665310698999974,3106.752521438393
37.68471347100001,3092.341650970902
37.70417093100002,3083.650178387204
37.723732767,3067.196760061878
37.743354549999935,3057.8260905342536
37.76301643800002,3051.5889420046883
37.782641971999965,3057.2416526437355
37.80249443399998,3022.2951692313163
37.82234965700002,3021.874899107976
37.84243904699997,2986.6511626356482
37.86253229199997,2986.078157112271
37.88280819399995,2959.1778457036476
37.90316123299999,2947.9627096413014
37.923715260999984,2919.135850161463
37.94417111300004,2933.1459769966946
37.96505493500001,2873.0373204711477
37.985639067999955,2914.8665139389723
38.00637867099999,2893.0158402689544
38.027325305999966,2864.4218987955564
38.04840105699998,2846.87364165412
38.069597434,2830.6724304786835
38.090915738000035,2814.482803130439
38.11224674999994,2812.806068472844
38.13356588800002,2814.3727011745336
38.155113307999954,2784.5561092782905
38.17677885399996,2769.3740097746368
38.198519191999935,2759.8466960392416
38.220307916000024,2753.7179322549846
38.242215181999995,2738.8173403326214
38.264224324,2726.1398922318444
38.286419300000034,2703.314479812901
38.308717661999935,2690.780605331707
38.33112362899999,2677.8580902067156
38.353632565,2665.608005637304
38.376242907999995,2653.6527995178535
38.398974762999956,2639.467830500557
38.42190146199994,2617.036146374519
38.44488019300002,2611.1102479850006
38.467877621999946,2608.987291587466
38.536987305000025,868.1851427379805
38.56019129699996,2585.7619671721845
38.58355206199997,2568.4090396861034
38.60693985700004,2565.440649698055
38.63040286199998,2557.217202150982
38.65408383600004,2533.6795690858335
38.677784550999945,2531.5691952855386
38.701669692999985,2512.021908846062
38.72557270000004,2510.144434959759
38.74950117599997,2507.4726865259386
38.77347569400001,2502.6571962734024
38.797431149999966,2504.6486278581783
38.821467334999966,2496.236403572371
38.84576581299996,2469.290463378856
38.870062208000036,2469.502162761434
38.89446839499999,2458.39302960814
38.91898098900003,2447.7213631447416
38.943517541999995,2445.3312574139336
38.968228678999935,2428.055010182056
38.99305601499998,2416.691021537462
39.01798199699999,2407.126828542513
39.04299188499999,2399.0511272981703
39.068212087999996,2379.045085402036
39.09348203000002,2374.3623946563175
39.11878390000004,2371.366227079257
39.14414092599998,2366.2080876577206
39.169494774999976,2366.504588711722
39.19502076100002,2350.5458319959716
39.22093440499998,2315.3825837887025
39.246559296999976,2341.473283087747
39.27265210899998,2299.4838578531176
39.29887455699998,2288.1158921548117
39.32532466299995,2268.4219110527406
39.35179351900001,2266.8150070351617
39.378486178,2247.809032439212
39.40540831800001,2228.6489855552495
39.43221670699995,2238.105393059494
39.45933900399996,2212.202012240636
39.48651380199999,2207.928095727802
39.51391854799999,2189.4017919376324
39.541590535999944,2168.2576618674593
39.569553047,2145.7300454841684
39.59750352599997,2146.6537299795896
39.62561030799998,2134.7160980570784
39.653838081,2125.566193264511
39.68219309400001,2116.027948919652
39.71105941199994,2078.5470457351216
39.73968130100002,2096.2976971867934
39.76883746499993,2057.883883496332
39.79790644000002,2064.0562661676713
39.82741114700002,2033.5738294231508
39.85697783399996,2029.3108930370588
39.88671514700002,2017.6671644774633
39.91671089900001,2000.2832401074181
39.947072693999985,1976.1677463419776
39.97787115899996,1948.149039247512
40.008819625,1938.7067520542373
40.03987647700001,1931.9408161518838
40.071317705999945,1908.32234961674
40.102794613000015,1906.159331343065
40.134635428000024,1884.373876735943
40.16635134599994,1891.794524129968
40.19842320399994,1870.7990039120823
40.23052115600001,1869.2781396104508
40.26290936999999,1852.5257366780952
40.29547154299996,1842.628868781212
40.328479812999944,1817.7262849592717
40.361844752000025,1798.2949107101915
40.39572943300004,1770.711667610759
40.429790730000036,1761.5301026267693
40.463796245000026,1764.4196831019306
40.49823952400004,1741.9944250944557
40.533436660999996,1704.6841054167937
