0.02298456399999793,2610.4476030089327
0.057431124000004274,1741.8285018878214
0.09229211299999918,1721.121566574281
0.1271902380000114,1719.2900764719882
0.16237065600000733,1705.4942326156252
0.19774670000001038,1696.063019369685
0.2333807150000098,1683.784440232205
0.26929212699999994,1670.778080238573
0.3055480730000113,1654.9009643819857
0.341677507,1660.6958193703997
0.3778626710000026,1658.1381253376574
0.4143641900000006,1643.767208701734
0.4513528479999991,1622.1188668159418
0.4884455700000103,1617.5679962225965
0.52553579100001,1617.6770691121114
0.5627169500000093,1613.7205405566065
0.600045558000005,1607.3463012606014
0.637371666000007,1607.4539568924986
0.6747598060000115,1604.7869725531373
0.7121270080000102,1605.6861843710471
0.7495791059999988,1602.0464327530663
0.7867873490000079,1612.5459081737688
0.823722570000001,1624.4657098440307
0.8617781610000037,1576.6408673037242
0.9002046920000026,1561.4211962043014
0.9393283110000112,1533.6004575646953
0.9781041150000078,1547.3566969753945
1.0149283450000013,1629.3619717237984
1.0489009960000004,1766.1265233614395
1.0811718660000054,1859.2619287918424
1.1112494409999982,1994.841671910526
1.1404048750000015,2057.935409227425
1.1680827480000033,2167.7966366850555
1.1951527540000058,2216.4753121958906
1.22127020100001,2297.314894522047
1.2468556660000019,2345.0814749710116
1.2716805020000095,2416.9343958599193
1.2960614810000095,2460.934813159059
1.319836206000005,2523.688496923149
1.3432556679999976,2561.9717481135585
1.3661228360000024,2623.8491797492147
1.3886214600000102,2666.8297581211727
1.4106294040000051,2726.2882893565056
1.4323545330000087,2761.7787678034115
1.4536304930000057,2820.0842641182116
1.4746686920000087,2851.9551507232795
1.4952839710000063,2910.4626718855943
1.5158228430000094,2921.289932572301
1.5359668180000057,2978.558104843308
1.5559508950000094,3002.390353079047
1.575784243000001,3025.207846906387
1.5954987350000067,3043.446414951136
1.6150188520000057,3073.7520681870433
1.6344446970000064,3088.66872972568
1.6536802800000032,3119.2192095248615
1.6728414359999988,3131.3350822890784
1.6919279560000007,3143.5798668376465
1.7110370810000006,3139.8611919698133
1.7298555779999987,3188.3523960498137
1.7486938680000037,3185.00246041355
1.7674525210000098,3198.5239025414257
1.7862477380000001,3192.301530758113
1.8050404540000073,3192.7263733447044
1.8238004620000083,3198.2928791926324
1.842478958000001,3212.250065531173
1.8612381850000048,3198.4260332255485
1.8799724110000113,3202.6943627123496
1.8986584080000029,3210.9605925778133
1.9175545100000022,3175.2580505758297
1.936476550000009,3170.905462623407
1.9553764550000068,3174.619131683831
1.9744415159999988,3147.118176019736
1.993521474000005,3144.661010259087
2.0126834109999976,3131.2074556983926
2.0319052450000044,3121.450325706636
2.051256297000009,3100.606623349759
2.070591360999998,3103.170488602135
2.089881372000008,3110.4181329896674
2.1094076860000115,3072.7765619250313
2.1289619690000023,3068.3814896218946
2.148470678999999,3075.54933155551
2.168033713,3067.0089312321143
2.187547944000002,3074.6791918161175
2.207105769000009,3067.825793511249
2.2267366670000115,3056.406283604143
2.246320742000009,3063.713757224074
2.265898462999999,3064.7080934512055
2.2856368099999997,3039.7682237523913
2.3053680740000004,3040.8594198525698
2.325116316000006,3038.2451258184255
2.344677838999999,3067.24583765903
2.3644143630000087,3040.0489974815664
2.3839192710000106,3076.1488339239745
2.4034537630000017,3071.4901621207878
2.4229947649999986,3070.4669085039563
2.4426093610000095,3058.946511055675
2.4621857799999987,3064.9119228615377
2.4818255840000063,3055.020304682096
2.501352576000002,3072.669871530276
2.5210100890000007,3052.268107364575
2.540637341000007,3056.9740481235067
2.560155635000001,3074.039155267308
2.5797257520000016,3065.8988906401514
2.599386181,3051.815400366161
2.6190035900000055,3058.5078794035826
2.6385141230000073,3075.261962345897
2.6581502820000082,3055.5873987370524
2.6776494090000114,3077.0608345691794
2.6970391079999985,3094.4265818690587
2.716593235000005,3068.4059687236604
2.736015903000009,3089.1739487070918
2.7556110720000078,3061.9792051808286
2.7751466570000076,3071.3183147574255
2.7945681790000094,3089.3562306802955
2.814077462,3075.459000724341
2.8335653390000033,3078.8371663055177
2.8530446210000093,3080.1956663485544
2.8725399980000077,3077.652717359865
2.8921244380000104,3063.6566580403487
2.911578356000007,3084.21162256421
2.9309859199999977,3091.578108413203
2.950359160000005,3097.0555260750107
2.9696410460000067,3111.728800802719
2.9891416310000096,3076.8307719994505
3.0084181520000044,3112.5948504927974
3.0279270710000077,3075.5163830445904
3.0473087490000097,3095.707193153956
3.066868761000009,3067.482780685495
3.086517941000011,3053.5625405230367
3.1061547250000103,3055.490145433284
3.125721507999998,3066.4212916368365
3.145245114000005,3073.2027679711637
3.1647372620000027,3078.1625503770656
3.18411930500001,3095.64889521591
3.203676088000009,3067.989249561334
3.223073391,3093.2135256137353
3.242385642000002,3106.8361735766975
3.261882319999998,3077.4473476975245
3.281282488000002,3092.756722518432
3.3007713540000054,3078.6809247900883
3.320287044000011,3074.449327693888
3.3397691389999977,3079.7509200135532
3.3594108190000043,3054.7285160933284
3.3789436960000074,3071.7441163424246
3.3985842300000115,3054.906755589613
3.4182074200000017,3057.6068417026067
3.4376838900000024,3080.6403829850947
3.4573029130000066,3058.2562648500502
3.4768004769999976,3077.3075036464866
3.496339344000006,3070.8024165359166
3.516026649000011,3047.649233858298
3.5356452550000057,3058.3212691063113
3.5552360490000012,3062.6630038585317
3.5748843440000115,3053.7000793182574
3.5944683150000003,3063.7300269712623
3.6140942130000013,3057.184950212054
3.6335690690000035,3080.8956944273787
3.6531064250000043,3071.039909391924
3.6726109160000107,3076.21460103626
3.6921285330000018,3074.145783269922
3.7117251600000003,3061.751392216859
3.7312562660000026,3072.0226494082285
3.7509711750000037,3043.3820414792067
3.7706709280000013,3045.723466685461
3.7903669829999984,3046.29531142194
3.8100934550000005,3041.5981124244418
3.829622268999998,3072.3831974644236
3.849219469000005,3061.661870061998
3.868712294000005,3078.055643550836
3.8881843890000027,3081.332542800734
3.907658776000005,3080.9698913753928
3.927036392000005,3096.3561255419854
3.946523435000003,3078.9689333577207
3.9661035000000027,3064.341206221809
3.985605491000001,3076.608947261058
4.005279254000001,3049.747015860648
4.0248702570000034,3062.6303308714405
4.044343810000001,3081.1018410460556
4.063893354000001,3069.1252951986703
4.083324771999997,3087.7828885164845
4.1028650450000015,3070.581460145801
4.122369900999999,3076.1570349459457
4.141971476000009,3060.9785183062736
4.161505499,3071.5639067296274
4.18117551200001,3050.3284364870906
4.200794379000001,3058.2805826670165
4.220316631000003,3073.4159153357496
4.239807060000004,3078.4340354948913
4.259183372999999,3096.5643463756596
4.2786549480000104,3081.4148316181345
4.298032094000007,3096.4312288306437
4.3172961160000085,3114.6143832266794
4.336807378000003,3075.1470612211792
4.356301817000002,3077.800802577767
4.375886985999998,3063.542622482029
4.395363977000002,3080.5579773582735
4.415002375,3055.239027134822
4.434590513000003,3063.0782772711923
4.454073077000004,3079.6767817623245
4.473585745999998,3074.925321595882
4.493074820000004,3078.6480671160093
4.512500978000006,3088.6189641819433
4.53204640700001,3069.771453979685
4.551569700000002,3073.2520379643565
4.57104861900001,3080.2530674302525
4.590557798000006,3075.475395454167
4.610014892999999,3083.708025274181
4.629485530000011,3081.5632791039748
4.648864343,3096.1648683040976
4.6682120110000085,3101.1489343300964
4.687555251000006,3101.8588406082404
4.706840054000011,3111.258123818242
4.726106887,3114.1599659910003
4.745554034999998,3085.2853076454944
4.765057380000002,3076.3953567958656
4.784561090000011,3076.337783938105
4.804157301000004,3061.8163888938966
4.823636636000003,3080.187285654296
4.843125762,3078.63985280876
4.8626030660000055,3080.5084728349534
4.882146880000008,3070.0251240619345
4.901573714999998,3088.5113298193064
4.921014507999999,3086.293856428415
4.940531239000009,3074.2853400996682
4.9600041679999975,3081.2005733721753
4.979387825000003,3095.3911328487598
4.998836170000004,3085.0954155738104
5.018110608000001,3112.9312304727573
5.037447078,3102.944849809882
5.056718911000004,3113.3520096394095
5.076206214999999,3078.9276956943927
5.095726956000007,3073.6538126280866
5.115352385999998,3057.2578537147133
5.1349832840000005,3056.406283604143
5.154482203000001,3077.093658371505
5.1739819539999985,3076.9623673659453
5.193442486999999,3083.1632412123286
5.212736352000007,3109.796818831936
5.232254229000006,3074.104832201007
5.251639656999998,3095.1083463322593
5.271018367000011,3096.181324761149
5.290412128,3093.7784579295007
5.309893389999999,3079.8826071946496
5.329283869999998,3094.3019461098875
5.3486571110000085,3097.0553662118887
5.368132799999998,3080.763920600324
5.387507134000003,3096.880646322252
5.406914385000007,3091.6279693598763
5.426437887000006,3073.2191386568284
5.445958993000005,3073.5963423385283
5.4654561930000085,3077.3649549673332
5.484890736000011,3087.2863848659417
5.50439179,3076.7567742766864
5.523815135000007,3089.066275658413
5.54307905200001,3114.631359758716
5.562454272000011,3096.739030576076
5.581821731000005,3097.979967326506
5.601334035000008,3074.9828415953184
5.620744567000003,3091.1053854688707
5.640244267,3076.970414929897
5.659729851999998,3079.1993158021974
5.679100749,3097.430129332404
5.698434406000004,3103.3963207264355
5.717814209000011,3096.0067034726367
5.73719104300001,3096.4810866420553
5.756584803999999,3093.7784579295007
5.775956222000005,3097.346823034958
5.795432588000011,3080.656833003674
5.814924787999999,3078.1543386604753
5.834301778000011,3096.4561575333814
5.853673561000008,3097.2884633288377
5.8730903950000055,3090.102124785503
5.892352750000001,3114.883927744835
5.911737917000011,3095.1500185667196
5.931040741000004,3108.353472011188
5.950428772999999,3094.692643379997
5.969824252999999,3093.5042597553625
5.989209161000005,3095.1913725863596
6.008723079000006,3074.728509159267
6.028023662999999,3108.714223363539
6.047437998000007,3090.4998806282397
6.066736290000009,3109.0834359845835
6.085997341999999,3115.0946479989907
6.105348343000003,3100.6147950686204
6.124779865000008,3087.7663623047456
6.144210450000003,3087.9152634887523
6.163629315999998,3089.7787749302565
6.182861305000003,3119.8021171904998
6.202174025000005,3106.7607255732805
6.221502838000006,3104.1740638701335
6.2408239949999995,3105.4040914848565
6.260192860000004,3097.7550827055293
6.279589747000003,3093.279864959902
6.2989879880000075,3093.063953581442
6.318396905,3091.3625938027644
6.3376922810000025,3109.5532940116236
6.35708093800001,3094.5928849005313
6.376323292999999,3118.1214565491164
6.395523772000004,3124.9220397044614
6.4149075330000045,3095.374525098568
6.43423025300001,3105.152897727843
6.453726827000011,3077.4637636333146
6.473033661000002,3107.7078717322383
6.492422110000007,3094.6260838082594
6.511639100000011,3122.2371453587634
6.530914579000012,3112.7631121383347
6.550058183000004,3134.2060773939174
6.569179599000009,3137.8429296233203
6.588569663000001,3094.3683321531794
6.607951393000008,3095.698887559596
6.62745807200001,3075.86955216681
6.646826312000002,3097.855045168088
6.666204449000006,3096.2728770050453
6.685461907000004,3115.676014975851
6.704639834000005,3128.59674562304
6.723678281000005,3151.517558128594
6.74297162500001,3109.880796195069
6.7621302809999975,3131.7436880770033
6.781519251000006,3094.5429282717805
6.8008937419999995,3096.8555509416974
6.820269170000003,3096.7057863180576
6.839652306000005,3095.474333977446
6.859064766000003,3090.798384130911
6.878339256000004,3112.9228321993205
6.897730672999998,3094.152428366519
6.917101622000004,3097.421814490418
6.936365800000004,3114.5891612919713
6.955629299999998,3114.6987826728814
6.975022957000007,3093.795048554895
6.994296926000004,3113.0069784801467
7.013563760000011,3114.1598043549193
7.032765957999999,3124.6422935560713
7.052043832999999,3112.3762344137676
7.071326343999999,3111.627940987543
7.090746668000008,3089.5468067356337
7.109927042999999,3128.197441396711
7.129193669000003,3114.1934244214863
7.1484253460000104,3119.8527304704767
7.167591762000001,3130.4757237884496
7.1868747420000005,3111.55226007601
7.206201263000011,3104.54219877271
7.225583409999999,3095.632284701928
7.24493321300001,3100.806762733685
7.264220516000009,3110.854845802134
7.283404275999999,3127.6454667922903
7.302570067000005,3130.5778091799652
7.321727265000007,3131.9820362035
7.34079868100001,3146.069489543483
7.359870513000004,3146.0008666192766
7.3791686490000075,3109.108568827049
7.39848798300001,3105.6971218569547
7.4177146600000015,3120.664064831669
7.437003576999999,3110.594545044109
7.456099785000006,3141.9850475013636
7.475279431000004,3128.316341188308
7.4944644930000095,3127.4332081899574
7.513719608000002,3116.0551365194224
7.532910399000002,3126.499579928766
7.552339161000006,3088.2050024591217
7.571386098000005,3150.1127976641974
7.590685536000009,3108.8988187110003
7.60980867100001,3137.5608654123394
7.628847012999998,3151.534939336589
7.647883742000005,3151.8019718607325
7.666998439000011,3138.945911618711
7.6862140220000015,3122.4657612537544
7.705494502000008,3111.9557189437637
7.724566959000001,3145.8977728995387
7.743780772000008,3122.75340662349
7.762867813,3143.494059662055
7.782035531000005,3130.2630808728745
7.801137572000002,3141.0256108240537
7.820371802000011,3119.438625823399
7.839544260000011,3129.4891870411366
7.858863749999998,3105.6720441399534
7.87805980200001,3125.6427102803013
7.897170072000009,3139.673065843857
7.916308415000003,3135.067649274403
7.935468478000004,3131.5137116196684
7.954526404000006,3148.2964095879765
7.973656362,3136.4418050484146
7.992869132999999,3122.9227684024263
8.012077476000002,3123.642679641453
8.031187850999999,3139.655815231782
8.050236818000002,3149.7770981486515
8.069433704000005,3125.506918152778
8.088668298000002,3119.3795928320733
8.107831485000006,3131.0032094342278
8.126965974,3135.699103331922
8.146113327999998,3133.592244652062
8.165428703000003,3106.333684952242
8.184552879999998,3137.389912256946
8.20361861900001,3147.0062608095213
8.222883682000003,3114.4460830481416
8.242038015000006,3132.450500886172
8.261337036,3108.9659936644525
8.280694391000011,3099.597026554809
8.299854245000006,3131.5478708771716
8.318993161000009,3134.97378848369
8.338044108000005,3149.449736016301
8.357113232000003,3146.447629162558
8.376036574000011,3170.6872919157186
8.395198772,3131.1648068782683
8.414264250000002,3147.0493422716536
8.433576865000006,3106.7776165986575
8.452668229000011,3142.782254844913
8.471865010000002,3125.524013636894
8.490987781000001,3137.620588564404
8.510045394000002,3148.3481168390076
8.529130248000001,3143.8542836116544
8.548217810000011,3143.4082571660415
8.567406101000003,3126.906924646152
8.58659277800001,3127.1699627807584
8.605762788000007,3129.888821133197
8.624801079000008,3151.543381703565
8.64394239100001,3134.581370388473
8.663130839000004,3126.88134027401
8.682173140000003,3150.879717740171
8.701271900000009,3141.565211562543
8.720422483000007,3133.063886358206
8.739586659000011,3130.8416286715333
8.758603127,3155.160043391491
8.777768866000002,3130.586302985477
8.796798980000005,3152.8975601507295
8.815968886000007,3129.9058013113913
8.834993269999998,3153.8471889564926
8.854188385,3125.7952869775945
8.873310529999998,3137.7233045774296
8.892442674999998,3136.0832776460147
8.911483778000004,3151.077960136021
8.930690507000008,3123.9051688597046
8.949726038000009,3152.000330329617
8.968925475000006,3125.0916368020507
8.988119392000002,3125.9903853921032
9.007174766000006,3148.718046677385
9.026332849,3131.837355544403
9.04536744100001,3152.1558224082028
9.06430416900001,3168.4459955278603
9.083279595000008,3161.9843475455423
9.102156686,3178.4558330529762
9.121154977000003,3158.1788067143384
9.140137382000006,3160.821824209918
9.15920786000001,3146.224232029721
9.178196255000003,3159.8247245235575
9.197025273000008,3186.570855685797
9.216080751000007,3148.700861768184
9.235077740000008,3158.395259374808
9.254145874000002,3146.6109898335435
9.273273697000008,3136.7918868751476
9.292425061000003,3132.9361188067032
9.311453820000011,3153.1220717007386
9.33051586100001,3147.61677409079
9.349642902,3136.920133126226
9.368708224000002,3147.0750926729997
9.387842974000009,3135.656332064972
9.406913244000009,3146.2585479911468
9.426045806000005,3136.014925759194
9.445065971000005,3154.546766550035
9.464016604999998,3166.1209857160643
9.48298817700001,3162.6266921877136
9.501997196000005,3156.396445288202
9.520947153000009,3166.2340975226484
9.53998174600001,3152.1556568085243
9.559001443,3154.6243875510027
9.578022962000006,3154.3222179038885
9.597036357000007,3155.6699894992153
9.61619308600001,3132.05871419869
9.635206011999998,3155.7478317665787
9.654358260999999,3132.7913499869646
9.673410666999999,3149.208556651563
9.692580884999998,3129.8548613272005
9.711595165000006,3155.5231121018714
9.730517153000008,3170.9141766706675
9.74953054800001,3155.6699894992153
9.768412691999998,3177.6052549984115
9.787442545000005,3152.940803062426
9.806454794000004,3155.860203598331
9.825372979000008,3171.5516049762387
9.844539604000005,3130.441587917004
9.863568572000005,3153.0874401595484
9.882545299,3161.767569297729
9.901586455,3151.069189286598
9.920696724999999,3139.673065843857
9.939925850000009,3120.2667828083695
9.958994922000002,3146.456209301657
9.978059723000001,3147.1610954661032
9.997238796000005,3128.4098037474787
10.016314795,3145.313647794631
10.035268084999998,3165.6773045736904
10.054464554000006,3125.5748127416505
10.073484614999998,3154.5640153323
10.092580615000003,3142.0192710507617
10.111708698000001,3136.7492497813564
10.13070599800001,3158.3435540824335
10.149703351,3158.33474274205
10.16868534000001,3160.891095235884
10.187706859000002,3154.322217906245
10.206680462000008,3162.2881537038666
10.225778075999997,3141.7537290278556
10.244836679000002,3148.1845757522087
10.263843928,3156.6903763930895
10.282777374000005,3168.9952267528424
10.301810352000004,3152.423125798012
10.320745101,3168.777151469638
10.339789902000007,3150.4661035827303
10.358890693000006,3141.2311668140446
10.378038047000004,3133.592244652062
10.397057118000006,3154.7282199005567
10.41619587800001,3134.99934164946
10.435225106000004,3153.044358920906
10.454328866000012,3140.742974156776
10.473398459000009,3146.370245028706
10.492482792000004,3143.9401104568697
10.511529937000006,3150.0783975758186
10.530690520000007,3131.4287253156886
10.549606882000006,3171.8572524676683
10.568717361000012,3139.63872909638
10.58764638000001,3169.736371441455
10.606804515000007,3131.8288549489143
10.625863586999998,3148.1071061608022
10.644865107000001,3157.642125471515
10.66399173100001,3136.9885244762404
10.683007574000001,3155.263745079717
10.70197815600001,3162.791737226244
10.721157593000001,3128.350430725767
10.740112394000008,3165.4249495934487
10.759289643000002,3128.707355263319
10.778308455000001,3154.771181291653
10.797324870000011,3155.168837026762
10.816265400000006,3167.8099820869147
10.835334627999998,3146.430469027088
10.85410104200001,3197.201127501534
10.873074853000006,3162.253487189031
10.892042571000005,3163.269297867211
10.911124403000002,3144.3521775061886
10.930032953999998,3173.167526163909
10.949052859000005,3154.589888854668
10.968054899000009,3157.5557150699747
10.987198503000002,3134.2060773939174
11.006262367000005,3147.3157802631245
11.025341335000007,3144.8241854587077
11.044428271000001,3143.511352477941
11.063350259000003,3170.9141766706675
11.082386623000005,3151.8624039756323
11.101405017000005,3154.8405191311576
11.120302318,3175.056586123816
11.139415609000011,3139.176816800751
11.158377180000002,3164.294772834358
11.177453022999998,3145.3393697994175
11.19639938600001,3166.8347112299143
11.21554741700001,3133.4814530015697
11.234558312000004,3156.0849712767
11.253618842000009,3147.8662975261514
11.272673956000006,3148.7610097745946
11.291643444000002,3162.974140367521
11.310657462999998,3155.566427066833
11.329586483,3169.736203987044
11.348590033000008,3157.3048193613918
11.367637282000004,3150.0611978145466
11.386605573000011,3163.1737408487097
11.405757249000004,3132.885080137247
11.42483111300001,3145.665713039587
11.443967477000001,3135.3918644121404
11.463096028999999,3136.672341952824
11.482046975000003,3166.0688600974127
11.501098077999998,3149.4239467402303
11.520174338000004,3145.270613840571
11.539190545000011,3155.2033483847613
11.558389618000007,3125.1508861919087
11.577345876999999,3165.1814843859397
11.596506200000007,3131.4712178898976
11.615439542000004,3169.012633903194
11.634480593000006,3151.0865655469033
11.65351685200001,3151.8797889852717
11.672549881999998,3152.4145130878283
11.691607861000008,3148.287654213931
11.710652818,3150.440297661337
11.729568556000004,3171.961886974078
11.748467731000005,3174.741754600168
11.767376021000004,3173.2113268838016
11.786524208000003,3133.455924574122
11.805819740000004,3109.5281539786974
11.825528191000004,3044.3792868349287
11.845506383,3003.274770810633
11.865769837000002,2960.995692047082
11.886143292,2945.008590835784
11.906847634000002,2897.9428566237175
11.927562289000008,2896.5000865320826
11.948505746999999,2864.8564148301816
11.969351184000004,2878.327760650166
11.990356465000005,2856.424534382464
12.011267736000008,2869.2660527421795
12.032311299,2851.2281879272305
12.053321581000006,2855.7446301759733
12.074487592000011,2834.7334790662626
12.095624854000008,2838.5890282294095
12.116891647000003,2821.2998546613703
12.138158805000003,2821.2514337834145
12.159577735,2801.260380421041
12.180904529000003,2813.3623834876253
12.202405595000002,2790.5593145941116
12.223841921000002,2798.987102547344
12.245424653,2780.0002335201707
12.267152804000006,2761.3946534146617
12.28901126800001,2744.9321233178803
12.31077473100001,2756.9141914594284
12.332578038000008,2751.876125947443
12.354361553000004,2754.3764172132915
12.376267882000008,2738.934487836367
12.398269419000002,2727.0822033940563
12.420506739000004,2698.1668654313694
12.442837498000003,2686.8768768675795
12.465176954,2685.830845657428
12.487563494,2680.181930749531
12.510138680000011,2657.785410936109
12.532771836000009,2650.97806068257
12.555617285000011,2626.3436538277338
12.578565182000006,2614.618672901235
12.601627872000009,2601.604582986264
12.624687227999999,2601.9807318133776
12.647993044000003,2574.4646743966973
12.671264225000002,2578.2963056324566
12.694702125000006,2559.956310078464
12.718136848,2560.303358397504
12.74190917700001,2523.9428581008438
12.765531973999998,2539.9193838067554
12.789404513000008,2513.3480774699015
12.813145956,2527.2263358221844
12.83714964100001,2499.6162047607554
12.86107671100001,2507.6200303673663
12.885230918000005,2484.039322839787
12.909371687000004,2485.422067540718
12.933429278000006,2494.015298539054
12.957505515000008,2492.0837919976125
12.981537898,2496.631316171299
13.005805335000005,2472.448985856445
13.03015360500001,2464.240785895227
13.054698334999998,2444.5166029542393
13.079234054000011,2445.4143772989487
13.104004306000007,2422.2603791035026
13.128652265,2434.278635404216
13.153436059,2420.936842841632
13.178330947000006,2410.1333574983832
13.20327094000001,2405.774532494488
13.22841661000001,2386.096691796188
13.2535965,2382.8539362175284
13.278959360000002,2365.6638092075136
13.30442565700001,2356.055142213268
13.329861903000008,2358.838643092394
13.355338877999998,2355.067664038796
13.380946687000005,2343.035282713283
13.406669601000004,2332.5506589184147
13.432480380000001,2324.610194834001
13.458593399999998,2297.7043635706364
13.484808659999999,2288.743273955639
13.511099286000004,2282.1822500532467
13.53759928800001,2264.1507725164183
13.563940330000008,2277.814218587227
13.590505696999998,2258.5797516000553
13.617196586000006,2247.9580953628656
13.644132683999999,2227.4941233142013
13.671261856000001,2211.6414021037995
13.698603946000006,2194.418934323951
13.726068068000004,2184.6684194020395
13.753808963000012,2162.871817941805
13.781638659999999,2155.9702931737875
13.809706118999998,2137.706872574472
13.837942381000005,2124.927159267213
13.866556875,2096.839454858401
13.895248504000008,2091.2022806367504
13.924408939000003,2057.582474335917
13.953612238000005,2054.5623972139265
13.983176216000004,2029.4968424074223
14.012756965999998,2028.3461372687482
14.042646206,2007.4113627510887
14.072416228000009,2015.4503076948902
14.102218801000006,2013.2489902802847
14.132225491,1999.5540994362696
14.1623764,1989.9897545377742
14.19262048600001,1983.8589269974764
14.222690353000004,1995.3530223466169
14.252785949,1993.6471768164781
14.282986078000008,1986.746480453263
14.313345998000003,1976.289792595293
14.343959202000008,1959.9385938169028
14.374731363999999,1949.814250945954
14.405556496000003,1946.4636842428565
14.436796526000009,1920.6127522920972
14.468229057000002,1908.8504199681972
14.499621380000008,1911.295318922052
14.530872556000006,1919.9277492790727
14.562063836000007,1923.614548681456
14.593122459,1931.8306545661742
14.624215092,1929.7175636428033
14.655243819000006,1933.6919622899238
14.686225358000002,1936.6371696386293
14.717332417999998,1928.822588827318
14.748431718000006,1929.303875006327
14.779682634000011,1919.9437226093119
14.810660839000008,1936.8455983813903
14.84134742900001,1955.2514632611892
14.872141467000006,1948.429108258141
14.902982432000002,1945.4644172128853
14.933989127000004,1935.0659591419198
14.965720098000006,1890.897067095635
14.995974861000008,1983.158817009933
15.024951857000005,2070.6080091947997
15.053833957000009,2077.411268570894
15.082296886999998,2108.005043754199
15.110406429000008,2134.506496049591
15.138056698,2169.960805806927
15.166241033000006,2128.8421387266135
15.193991980000007,2162.0883784613657
15.22132808100001,2194.8997042406777
15.248292356000007,2225.166447086218
15.274520429000006,2287.625171700686
15.299901778000006,2363.9405454769276
15.325482973000007,2345.4729147718826
15.350678488,2381.3762092188545
15.375883950000002,2380.4364308019544
15.400632692000002,2424.3656505854033
15.425574716,2405.5786330734554
15.450271009000005,2429.5144214553725
15.474994594000009,2426.8325164004623
15.499397187,2458.755100329824
15.52367545700001,2471.3457754598585
15.547474088000001,2521.153422649494
15.571074801999998,2542.2959661308428
15.594383639,2574.1310044767665
15.617614923000005,2582.724226520905
15.640686987999999,2600.5474585831867
15.663878429000007,2587.1613583639546
15.68672439800001,2626.2838752864504
15.709556097000004,2627.9253243490966
15.73220446100001,2649.1979729743616
15.754585584000012,2680.830626773893
15.77664290300001,2720.185531161105
15.798361314000005,2762.633048983845
15.820027328999998,2769.314061677561
15.841742094000011,2763.0969066422936
15.863368681000011,2774.3628710346093
15.88519688400001,2748.737493416412
15.907031337000006,2747.950681430348
15.928980635000002,2733.5726181316654
15.950759202,2755.0022000990475
15.972304122000011,2784.8792197868356
15.993701905999998,2804.0286788592844
16.014954012000004,2823.2496111201344
16.036197368000003,2824.4124892508394
16.05728801500001,2844.862938532726
16.078542256000006,2822.966014171795
16.099899675000003,2809.3282245390797
16.121109749,2828.8444443905746
16.142258886000008,2836.995192757725
16.163123125,2875.7339292377815
16.184125698000003,2856.7928320015053
16.20496118700001,2879.702031470481
16.22601688600001,2849.584808369258
16.247117636,2843.5008234320626
16.268343388000005,2826.7549719784497
16.28939606600001,2849.9937157633467
16.31040134700001,2856.424534382464
16.331406316,2856.4669626520736
16.352437483000003,2852.9087330241364
16.373395942000002,2862.8058961778834
16.394342629000008,2864.4147878842955
16.415034211000005,2899.729948150242
16.435621573000006,2914.4093352027517
16.45623253000001,2911.072979289273
16.47696676800001,2893.7644103434986
16.497642256000006,2901.9871260119676
16.518299514000006,2904.548125409487
16.538955991999998,2904.657802749456
16.559719084000008,2889.743011299634
16.580430250000006,2896.988030514818
16.601000529000004,2916.8296647802986
16.621490234000007,2928.2998461906504
16.642075148000004,2914.755922711597
16.662782355000004,2897.541904130154
16.68367935500001,2871.225534765062
16.704577396000005,2871.0825096004746
16.725773200000006,2830.7489538965483
16.74703384700001,2822.115432328317
16.76827605700001,2824.5648640140867
16.789457642000002,2832.6492092078056
16.810775946000007,2814.4828031341917
16.83187977,2843.0866368113197
16.852973698,2844.420441749994
16.873976688,2856.73611233455
16.89505035500001,2847.1551723755942
16.915896417,2878.241463544988
16.936728625,2880.1555744832863
16.957295727,2917.280227423229
16.977946214,2905.500485291571
16.998565035,2909.96269864324
17.01917036600001,2911.8678074116997
17.03975127000001,2915.323836115389
17.06043306000001,2901.102854250381
17.08114667400001,2896.6456553643916
17.101870860000005,2895.1679935710577
17.12247837800001,2911.558781605029
17.14329240900001,2882.670829115162
17.164135398,2878.665818997236
17.184819636,2900.7595058612533
17.20543423800001,2910.558253803472
17.22590508900001,2930.9968598766714
17.246391774000003,2928.7315151287817
17.26708267800001,2899.824966564231
17.287578322,2927.4513159976686
17.308161361000003,2915.0214407112126
17.328821276,2904.174581551361
17.34940311700001,2915.1911143407106
17.369997928000004,2913.35521360279
17.39046841400001,2931.0491211580024
17.410827963000003,2947.0200936192523
17.431134751000002,2954.677027208951
17.451372215000006,2964.7983561570127
17.47157233600001,2970.279237435955
17.49198391600001,2939.5078675926497
17.512440861,2932.989261105342
17.532771815000004,2951.1650068163995
17.553189593,2938.615553563862
17.57342643300001,2964.889775279701
17.59382691900001,2941.1064030533717
17.614297197,2931.0789037661157
17.634929039,2908.126186697209
17.655380463,2933.7810413591446
17.675633292,2962.5490838834876
17.695680287000002,2992.9672751450353
17.715610927,3010.4402066368675
17.73552838900001,3012.4320056426827
17.755435956,3013.929326473207
17.775407325000003,3004.3008068194245
17.795349736000006,3008.6632955259442
17.815254229000004,3014.3947901614197
17.83535091200001,2985.5673197404476
17.855521605000007,2974.6127215365564
17.875703965,2972.893160166696
17.895801793000004,2985.397227998317
17.91589253800001,2986.4497309575386
17.93624083600001,2948.6495627297495
17.956683979000005,2934.9694418327354
17.97690680800001,2966.943942412064
17.997214794,2954.5027261701102
18.017261997000006,2992.9362215760057
18.03732128300001,2991.1333833109948
18.05755801800001,2964.905158861227
18.077962411,2940.5432447817316
18.098032426000003,2989.534387492728
18.118140566999998,2983.8660868757993
18.13800693600001,3020.179480203971
18.15773356400001,3041.5740591852577
18.17748394200001,3037.916540129361
18.197205518000004,3042.353207472642
18.216873969000005,3050.570682968197
18.236368408000004,3077.800802577767
18.255963889,3061.930452230899
18.27552379800001,3067.4989336593185
18.29519454000001,3050.2153909594595
18.31477382300001,3064.463596547623
18.334428993000003,3052.6319538330895
18.354044474000005,3058.808499266093
18.373591414000003,3069.534157264842
18.393117051000004,3072.883102353945
18.41255612500001,3086.5667778200727
18.432187753000008,3056.292631461988
18.451660577,3081.2171876061525
18.471208090000005,3069.4441794196973
18.49084815500001,3054.9797060237147
18.510686242000006,3024.485173394511
18.53049245400001,3029.352609170389
18.55039371800001,3014.8838787328586
18.57014425300001,3037.892391269399
18.589954475,3028.7394053449516
18.609692977999998,3039.744199446245
18.62964934700001,3006.5589586943406
18.64937191300001,3042.2004925730284
18.669174166000005,3029.958257780887
18.688868294000002,3046.5933805247605
18.708476692000005,3059.913410569905
18.728161185000005,3048.084601417002
18.747650676000006,3078.5821959124005
18.76716449,3074.744896103993
18.786794659999998,3056.519632789852
18.806380297000004,3063.4694189411443
18.826326250000008,3008.129017449685
18.846081732000002,3037.1316680615155
18.86598633,3014.3788887376872
18.88566327000001,3049.254609708991
18.905412138000003,3038.1488194675076
18.924926369000005,3074.6791918161175
18.944412891,3079.0512539907554
18.963850976000003,3086.7238207871974
18.98322229,3097.3634519583366
19.00271527000001,3078.0311681420844
19.022354398000004,3055.1254617830937
19.041803889000008,3084.9136360427265
19.061402651999998,3061.4177027411884
19.080865841000005,3082.7425043233743
19.10036809200001,3076.567930542077
19.119701854,3103.379466450301
19.139122229999998,3089.538534166486
19.15861390900001,3078.2366157354954
19.178062983000004,3084.979778472744
19.197462317000003,3092.8896837387615
19.21693722500001,3080.8874681194875
19.236261663000008,3104.876840403105
19.255638081,3096.547566223091
19.274960905,3105.136185062864
19.29429268700001,3103.697320814615
19.313742073,3084.930290345826
19.333343701000004,3060.970241858916
19.352998818000003,3052.640185250608
19.37259888300001,3061.214337808675
19.392096499000004,3077.299296489087
19.411461771000006,3098.3298349744173
19.430760063000008,3109.0834359845835
19.450227471000005,3082.0744086736754
19.469720452000004,3078.0310102391645
19.489093536,3097.0804648355115
19.50858729800001,3077.9076916999384
19.52817845700001,3062.6059438340208
19.547710865,3071.817873148722
19.567192231000007,3079.8661654411476
19.58638255400001,3126.5758267845995
19.605679023000008,3109.3771611795864
19.62493778400001,3115.4652160639994
19.64430144100001,3098.588247044525
19.663879006000002,3064.7325139784048
19.68349099800001,3059.3526654494663
19.70301772900001,3072.7109417343163
19.722496803,3080.228557067672
19.74196218,3082.3959895557414
19.76115786700001,3125.7021434022267
19.780442774000008,3111.2413453693007
19.79965867,3122.414900664871
19.819055660000004,3093.2634393267776
19.838722132,3050.8776561453587
19.858355895000003,3055.960286369709
19.878219086,3020.662692112428
19.89784503700001,3057.176694264272
19.917567915000006,3042.152367418791
19.937074906000007,3075.820355891882
19.95668361700001,3059.864567333822
19.976404984,3042.385449245768
19.99612015400001,3043.341751552916
20.01581912600001,3045.844219688141
20.035400753000005,3064.096767853819
20.054967172000005,3066.478337195954
20.074540049000007,3065.466563755289
20.094331573000005,3031.600800423666
20.114193775000004,3020.8131001791094
20.134044727000003,3022.5250658005602
20.154201826000005,2976.6188080930456
20.17431814400001,2982.6531873268455
20.194272690000005,3006.83363079362
20.213975985000005,3045.175946459818
20.23373657100001,3036.3472014437375
20.253385699000006,3053.5706215567216
20.27330613000001,3011.983023860867
20.293024477000003,3042.8514114300583
20.312732772000004,3044.403384463099
20.332404295000003,3050.0942911233387
20.352382383000005,3003.2904049673816
20.37229750200001,3012.7864161890616
20.39201933800001,3042.313099043784
20.411735445000005,3043.1971179715893
20.431633429,3015.380854664009
20.45145927600001,3026.3524176283017
20.471583146,2981.533869977496
20.491714829000003,2980.376752405285
20.511930366,2968.0141566362677
20.532194392999997,2960.9119648336246
20.552343003000004,2977.87291530184
20.57255796700001,2968.0982860017366
20.592728608,2974.620390101691
20.612906906000006,2973.491619560085
20.633123537000003,2967.853545925123
20.653461835,2950.099364263617
20.673704873000005,2963.981987288107
20.694021608,2953.2304280198796
20.714109593000003,2986.8600558985613
20.73401158600001,3014.7734450507255
20.754155561000005,2978.558104843308
20.774311618,2976.7726892227734
20.79456293700001,2962.7699805612224
20.814996757000003,2936.3085316410793
20.835368337000006,2945.2796493935334
20.855672833,2955.010555298535
20.87575821300001,2987.247440673999
20.89579843700001,2993.9785104200187
20.915624387999998,3026.336542445746
20.935310443000006,3047.842749599908
20.954948373000008,3055.311837856357
20.974371405,3089.1160556202312
20.993832615000002,3083.055986754733
21.013360909,3072.465008976678
21.033030505,3050.39310415934
21.05279260200001,3036.1150438622312
21.072630742,3024.4770931160565
21.092618621,3001.8192525582317
21.112646189000003,2995.870492113181
21.132722557999998,2988.5882252919496
21.152868042999998,2978.3348477338036
21.172847485000005,3003.0868729956333
21.192910209000004,2990.620815000166
21.213000172999998,2986.565829586372
21.233189251,2971.9039175536377
21.253341976,2977.2648612032426
21.273348189000004,2999.068339420052
21.293213463,3020.345956466978
21.313030665,3027.672625025669
21.332861617000006,3025.5733562352416
21.35278559000001,3011.447566205119
21.372626073000006,3024.1199269197496
21.392254158,3056.8443126275074
21.41193896300001,3048.03628991831
21.43172673800001,3032.1751687598808
21.451361751000007,3055.7657384797576
21.470798897999998,3086.872780250542
21.490236148999998,3086.856263779375
21.509749286,3074.851573070354
21.529361018000003,3059.393224422807
21.548893739000007,3071.768649129134
21.56853541800001,3054.7286716166736
21.58805074300001,3074.5068298887527
21.607701329000008,3053.344058035117
21.627518999000003,3027.6011256628944
21.64729213800001,3034.4195729354724
21.66701423500001,3042.272837416996
21.686847791000005,3025.176120712596
21.706604940000005,3036.875411528231
21.726209744000002,3060.474361284643
21.745764496000007,3068.307897741957
21.765131330000003,3098.0799443013016
21.784490977000004,3099.2300634404505
21.80373739400001,3117.4633699344768
21.823093134000004,3099.85565005609
21.842409187,3106.224651589473
21.861771282000007,3098.8382197269243
21.881438274000004,3050.796990206084
21.90098885900001,3068.961875053142
21.92053085100001,3070.3113582278665
21.94006867600001,3070.966189941747
21.959653324,3063.624120281665
21.97923917,3063.4367287481678
21.999001996000004,3036.0030493607787
22.018710550999998,3044.363221962148
22.038565618000007,3021.898641791202
22.058250162000007,3048.076704240583
22.077820904000006,3065.800979850575
22.09721789400001,3093.2634393267776
22.116795147000005,3064.781356200364
22.136515004000003,3042.6184124968577
22.156147152000003,3056.211678925895
22.175939458000002,3031.4810209584425
22.195667960999998,3041.2849875133434
22.215438755999998,3034.7793298145907
22.23512403000001,3047.963670709701
22.254645917000005,3073.47337888041
22.27440395100001,3036.739384089641
22.294107038000007,3045.2080935343347
22.314127313,2996.961829945919
22.334256131000004,2980.800959102008
22.354304063,2992.827389877852
22.374515068999997,2968.6795402470216
22.394713471000003,2970.5320252554548
22.414698226,3002.2884944054827
22.434722772,2996.322613256463
22.454688204000007,3005.1941776156227
22.474603062,3012.8259011448454
22.494480056,3018.5650808164646
22.514459185000007,3003.133920401671
22.534565451000006,2984.144345847344
22.554531143000005,3005.1550429607646
22.57466782600001,2979.6367157385334
22.59462586100001,3006.30798573077
22.614689002000006,2990.5586567934242
22.634530631000004,3023.945261752708
22.654462781000007,3010.2121447005234
22.674357795000006,3015.831001677198
22.694160570000008,3029.878388255844
22.714139595000006,3003.149553094135
22.733945078000005,3029.464113548918
22.753855768999998,3013.4564390568935
22.773653283,3030.68354945919
22.793414130000002,3036.3070975651112
22.813032008000008,3058.4347603743686
22.832742177,3044.1139292120047
22.852367399000002,3057.2902563850776
22.872089912000007,3042.208667829753
22.89191039500001,3027.171436739899
22.911701398000005,3031.6806075981294
22.931386724000006,3047.955619327637
22.95114163400001,3037.2196076818545
22.970883887,3039.166806343282
22.990425097,3070.434225925642
23.010156256000002,3040.8756018838985
23.029870020000004,3043.558804903679
23.04951831400001,3053.7002347369003
23.069193744000003,3049.488626170976
23.088878445000006,3048.0523935817782
23.108459291000003,3064.21898216299
23.127945553000004,3079.0923369498555
23.147470409000007,3073.0060185841126
23.166957556,3078.9525013601683
23.1865296,3065.597032175039
23.206057946,3072.456827628719
23.225694157000007,3055.579307025373
23.245181928999997,3078.8537550638503
23.26461449300001,3087.600792152789
23.284077526000004,3082.7672131069676
23.303486027000005,3091.4288537789284
23.32275411100001,3113.9577759775457
23.342169903,3090.267963317298
23.361493144000008,3105.069175505871
23.38086023800001,3098.0383530946838
23.400355511,3077.669135488972
23.419940471000004,3063.5753149350585
23.439297148999998,3099.705434993461
23.458732161,3087.211883377923
23.47818316300001,3084.673992628569
23.497582289000007,3092.9228461123394
23.516940008000006,3099.538742142329
23.536386895000007,3085.326715787332
23.555647948,3115.0944862681667
23.574967907,3105.596652663606
23.594256510999998,3110.64502127846
23.613520116000004,3114.681805403554
23.632721845000006,3124.7186125787184
23.651889928000003,3130.2034741820685
23.671181918000002,3110.0990618387373
23.690538075000006,3099.7888682131893
23.709973816,3087.0960875643855
23.729226639000004,3116.4260950195803
23.748587380000004,3099.05493803158
23.767854526000008,3114.1093756172722
23.787213443,3099.346931443932
23.80637959900001,3130.5181905001923
23.825819038000006,3086.5088236349493
23.845157539,3102.6189672106448
23.864492915,3103.1204151394595
23.883713602,3121.6365991495454
23.902914238000008,3124.89648780256
23.922049873000006,3135.5113117493534
23.940981340000008,3169.326497518389
23.960088329,3140.212201934048
23.979126984000004,3151.4831273528093
23.99823152500001,3140.6145795382527
24.01727127400001,3151.302047101411
24.036515191000007,3117.868363286374
24.055714628000004,3125.0916368020507
24.075025420000003,3107.0709062581977
24.094143607000007,3138.3729011536752
24.113351639,3123.6932549892167
24.132583212,3119.8696019302797
24.151811503000005,3120.4021199796575
24.170943440000002,3136.117372747371
24.19014543,3124.676140337682
24.20972898400001,3063.7952641270763
24.229578269,3022.7789061431354
24.249598389,2996.985033057031
24.269845437,2963.394960094681
24.29038274700001,2921.512116239872
24.31094536900001,2917.9158183231807
24.331520909000005,2916.0838549079212
24.352275824000003,2890.8815092717373
24.373148501000003,2874.57138344068
24.394030655999998,2873.266671950925
24.414833020000003,2884.2875742384635
24.43576403,2866.560189881194
24.45668097800001,2868.4873146875752
24.477638864,2862.8841668489977
24.498631957,2858.082894216507
