0.03500857700009874,1713.8657192444805
0.07265044499990836,1593.9697785535898
0.11016373100005694,1599.433331427227
0.14772815800006356,1597.2558292980066
0.18507865800006584,1606.4041980695395
0.22225438300006317,1613.956419141908
0.2594976529999258,1611.02932154511
0.296670148999965,1614.0966159478946
0.3339358660000471,1610.0589182241642
0.37099238299992976,1619.1483943347937
0.4080654090000735,1618.4273708805802
0.4448623159998988,1630.5718304064217
0.4818672760000027,1621.4042658019775
0.5186102820000542,1632.9638353464015
0.5554562469999382,1628.4008303267092
0.5924604780000209,1621.4362081964623
0.6289456439999412,1644.503960873605
0.6655668379999042,1638.395514904856
0.7019490449999921,1649.1577874826307
0.7382726109999567,1651.8201984920354
0.7747854829999596,1643.2561097904081
0.8113767320000989,1639.7363205549973
0.8478899679998904,1643.2397282000043
0.8842636340000354,1649.5450307307703
0.9208833190000405,1638.4630288324875
0.957440300999906,1641.273341443252
0.9944781740000508,1619.963435798956
1.0312024320001,1633.7974752252162
1.0685029880000911,1608.5551110823765
1.1049585739999657,1645.8383085710516
1.1420316000001094,1618.4273708805802
1.1790695350000533,1619.960724054699
1.216399213999921,1607.3001860051565
1.253195298000037,1630.6083005955418
1.2902078199999778,1621.0729979463665
1.3272770040000523,1618.5951112352343
1.3643610819999594,1617.9450383032392
1.4015218189999814,1614.6073744437444
1.4389398230000552,1603.5061624313712
1.476631654999892,1591.856824583637
1.5141342869999335,1599.8877092128764
1.5516898299999866,1597.633670212546
1.5892119390000516,1599.0572384909392
1.6266575970000758,1602.3219567929941
1.6640389389999655,1605.0788117820157
1.7013578379999217,1607.7644734393261
1.7386394489999475,1609.3725134345314
1.7760186549999162,1605.1705325161336
1.813125178000064,1616.966375420331
1.8497338320000836,1638.9567341090378
1.8864961179999682,1632.107426621628
1.9230699320000895,1640.5179946450498
1.9598590369998874,1630.917631737156
1.996940511000048,1618.0586564530888
2.033945012999993,1621.42433372266
2.0707298489999175,1631.1069050334609
2.10775601499995,1620.4756387671225
2.1449860160000753,1611.6035022346061
2.1820685939999294,1618.0104846064414
2.219078313999944,1621.195729121333
2.2562793189999866,1612.8596525801179
2.2935346930000833,1610.505909827781
2.3307323649999034,1613.004168655772
2.3680423169998903,1608.1500185264538
2.4049393400000554,1626.1474536775388
2.441918751000003,1622.5244907249923
2.478896911999982,1622.5793381134865
2.5157602399999632,1627.6338370759822
2.5524873310000658,1633.671449770757
2.5892738439999903,1631.0325471762735
2.6258563129999857,1640.1298665764616
2.662526326000034,1636.214309493734
2.6988212710000425,1653.1227695753653
2.735530759000085,1634.4548308581948
2.7721992100000534,1636.2840088350429
2.8089407269999356,1633.0300134366375
2.8457550489999903,1629.8004890572417
2.8828181500000483,1618.860763968622
2.920312096000089,1600.2583457056014
2.9576304330000767,1607.7886857610908
2.995156301999941,1598.8970168876458
3.032720084999937,1597.2832129289652
3.070496920000096,1588.2749309132896
3.1078916559999925,1604.5039066505524
3.1454612200000156,1597.0374316817497
3.183055582999941,1595.983951107744
3.2205752130000747,1599.162891526024
3.2579935520000163,1603.491806520156
3.2955784369999037,1596.3864197051473
3.3331930589999956,1595.1243641330063
3.370731959000068,1598.341986576176
3.4083174689999396,1596.35987379724
3.445709195000063,1604.633067748779
3.482454367999935,1632.8675333821122
3.5191403799999534,1635.500746169141
3.555487309,1650.7584450923757
3.5917033129999254,1656.726125834417
3.627203030999908,1690.1542710854535
3.662338564000038,1707.6729702600062
3.6968787369999063,1737.1076861783097
3.7308656810000684,1765.3837897197764
3.7644718799999737,1785.384892833884
3.797880596999903,1795.9384672008491
3.830433458000016,1843.155967145005
3.8630045980000887,1842.121583704652
3.8947071739999046,1892.5906841244796
3.9263574639999206,1895.7172272345608
3.9575129049999305,1925.8273378310055
3.988376967000022,1944.0085365245218
4.018965585999922,1961.513855862405
4.049364640000022,1973.7456303674278
4.0796409970000695,1981.7443690436403
4.1096601389999705,1998.724680412183
4.139460186999941,2013.4195757020361
4.16891303500006,2037.154437484534
4.198014250999904,2061.769515071831
4.227049639999905,2066.4438144775263
4.2557275100000425,2092.2055926647186
4.283726017999925,2142.9713326243
4.3109887089999575,2200.809890701111
4.337972833000094,2223.5296576496426
4.364595429000019,2253.724617996298
4.390838060000078,2286.3561203091513
4.416631202999952,2326.199641520786
4.442311907999965,2336.384456733905
4.467604160000064,2372.267997320459
4.4927542899999935,2385.6735531851828
4.517641788999981,2410.8489165596657
4.542503559999886,2413.3437638142755
4.567100722000077,2439.3058028212376
4.591726577999907,2436.4635284318733
4.615995073000022,2472.3411979076595
4.640295595999987,2469.082661310854
4.664483159999918,2480.613591355122
4.688496574000055,2498.60348885239
4.712497854000048,2499.866673778114
4.736648495000054,2484.4061074812053
4.7607657020000715,2487.8502722125504
4.78490233399998,2485.8480669642204
4.80890897800009,2499.3081081939163
4.832925881999927,2498.2404060243907
4.8568051939998895,2512.6352049042966
4.880678569000111,2513.2600647978866
4.904465130000062,2522.4327299823567
4.928251795000051,2522.4217014040623
4.95177697400004,2550.458808412353
4.975433962999887,2536.2483788782106
4.998919719000014,2554.7399879175537
5.022375426000053,2558.0128537545156
5.045848058000047,2556.1683921946346
5.069268403000024,2561.8751559833736
5.09268265500009,2562.5418228107796
5.116092168000023,2563.0605814042856
5.139531052999928,2559.848730016092
5.162937341000088,2563.4137288060942
5.186269472000049,2571.561080301678
5.2097801800000525,2552.0286330803497
5.233210844000041,2560.746891339877
5.256862475999924,2536.822828982688
5.280768824000006,2509.793633046481
5.305250326000078,2450.830018510498
5.330365883000013,2388.9575692131402
5.355961291000085,2344.1704855742582
5.3815680519999205,2343.1311754104986
5.40772882400006,2293.5102985370786
5.434000990999948,2283.785726554467
5.460285708999891,2282.6952147681804
5.486464240000032,2291.954426307412
5.512454142000024,2308.5889281159393
5.5377645240000675,2370.5687255094495
5.562674631999926,2408.6607733833052
5.5872096190000775,2445.487336089828
5.611467495999932,2473.4233750282397
5.635377281000046,2509.4328535247328
5.659167338000088,2522.0620530625074
5.682570920999979,2563.710009714388
5.7059969490001095,2561.2536619381194
5.7289180249999845,2617.6781578808573
5.751667190000035,2637.459440813217
5.773965200000021,2690.8230824202697
5.796099266000056,2710.7536410122243
5.817783739000106,2766.956798989807
5.839205945999993,2800.8318657511313
5.860144030999891,2865.591576320974
5.8809816559999035,2879.406842188733
5.901327089000006,2949.06478518783
5.921440824000001,2983.036218783525
5.941207822000024,3035.362274025161
5.960944925999911,3039.959661779327
5.9803044089999275,3099.2563179475765
5.999553121999952,3117.0915167119797
6.018457648000094,3173.843131509823
6.037200365999979,3201.2432775421585
6.055791536000015,3227.3385698631973
6.074183142000038,3262.3578386751747
6.0924912660000246,3277.2336477535473
6.110592585999939,3314.6753938543807
6.128577041999961,3336.2143397568834
6.146405159000096,3365.4703971004824
6.164010593000057,3408.0386771568983
6.181706019000103,3390.7067283853494
6.199434097999983,3384.461452388882
6.217018597000106,3412.0960739104617
6.234542633000046,3423.868793707289
6.251934910000045,3449.8070609157967
6.269435406999946,3428.474059927549
6.286910696999939,3433.419416789301
6.304199858999937,3470.3821966622418
6.321640620999915,3440.216660262578
6.338925773000028,3471.1872941358693
6.35623118400008,3467.1236643740676
6.373415408000028,3491.5745977346605
6.390491933000021,3513.595418272989
6.407588665000048,3509.4426232980863
6.424757838000005,3494.635414306313
6.4417608809999365,3528.780113079861
6.458913546000076,3497.9987074609926
6.4759138280001025,3529.353218958781
6.492970877000062,3517.6072953852654
6.510012405999987,3520.8108380569774
6.527131530999895,3504.852029547151
6.544260865000069,3502.7631546790335
6.561344628999905,3512.1065826347312
6.578344964000053,3529.342215872673
6.595478203000084,3501.9648065312876
6.612557333000041,3513.0595059674056
6.629687864000061,3502.518398287097
6.646798968999974,3506.494758830965
6.663919710000073,3504.521211999734
6.681206110999938,3470.936489351909
6.698580629999924,3453.3330102575637
6.715863334000005,3471.6789687376645
6.733239726999955,3452.960577041177
6.750707465999994,3434.903624325022
6.768032615000038,3463.1736789015777
6.785422288000063,3450.3236489790957
6.802898672000083,3433.2044889796816
6.820397033000063,3428.8925688565255
6.837767020999991,3454.2338198650473
6.855267100999981,3428.555755175512
6.872645316999979,3452.598356471642
6.890117378000014,3434.0539447452684
6.907735415999923,3405.600555539042
6.925209300000006,3433.6956797765065
6.942758488999971,3418.9614118418954
6.960274818000016,3425.3752598414935
6.977934517999984,3397.5662100777877
6.995428555999979,3429.739891957261
7.013077112000019,3399.7115684628034
7.0305829720000474,3427.4237312478585
7.048242672000015,3397.5662100777877
7.065965907999953,3385.3862804856853
7.083630868,3396.5545350705092
7.1012717680000605,3401.187014256343
7.118886003999933,3406.3356480766834
7.136450296000021,3416.0215509795985
7.1541134879998936,3396.8945137681
7.171873340000047,3378.406531736878
7.189495339999894,3404.834865538663
7.207112809999899,3405.7103545505706
7.2248496429999705,3382.791054060055
7.242462581999916,3406.5864873650003
7.26019191599994,3384.2218777039875
7.277810219000003,3405.549331271327
7.2955391359998885,3384.3014776585956
7.313196288999961,3398.056300455254
7.330731474999993,3421.691677515759
7.348340768000071,3407.291820275528
7.365972299000077,3402.9943287385736
7.3835414400000445,3415.078745176671
7.401113913000017,3414.4311958876006
7.418624621999925,3426.4746219195013
7.436150172999987,3423.5728166142167
7.453684734000035,3421.813639921571
7.471086963000062,3447.8341826158107
7.488465443999985,3452.545708699435
7.505944905999968,3432.599927850096
7.523367810000082,3443.74278820617
7.540846594999948,3432.732881630966
7.558456408999973,3407.1910129155863
7.5759993019999,3420.1884489775694
7.593495949000044,3429.228468717888
7.611174090000077,3394.022029798709
7.62876499999993,3410.8525369352583
7.64635189899991,3411.6304415047016
7.664035300000023,3393.0124640399526
7.681648394999911,3406.556315081597
7.699196391999976,3419.1936549668453
7.716640960999939,3439.4658876425933
7.734219268000061,3413.297992780807
7.751711905000093,3430.0145827007004
7.76931323000008,3408.8342781037595
7.786847218000048,3421.9254627132436
7.804489946000103,3400.8346101471375
7.822058618000028,3415.169911548048
7.839540682999996,3432.0888293294793
7.85712523899997,3412.085013695404
7.87475072899997,3404.1606786534044
7.892291435000061,3420.6148828724267
7.909758240999963,3435.087101805343
7.927261971000007,3427.840808778993
7.944746068000086,3431.689952288068
7.962221936000105,3433.3058592530506
7.9795702639999035,3458.5465527685537
7.997026862999974,3437.095622105942
8.01438315900009,3456.9587888797128
8.03185121599995,3434.8410931153326
8.049329687999943,3432.794354107304
8.066989549000027,3397.5352353971193
8.084438700999954,3438.562515831877
8.102162722999992,3385.2361501170312
8.119625624000037,3435.855245348256
8.137241843000083,3405.952208010156
8.154719900999908,3432.875666198364
8.172219366000036,3428.676248077341
8.189766585999905,3419.3450586729136
8.207184131000076,3444.802352995795
8.224593916999993,3446.3375942867874
8.241993755000067,3448.3079669905565
8.259420101999922,3443.0623928525697
8.276923055999987,3427.9927833768475
8.294325238000056,3447.843494555012
8.31171455699996,3450.3938883594597
8.329144861000032,3442.280754239925
8.346564384999965,3444.4109953997017
8.363913550999996,3458.3794978901674
8.381400672999916,3431.0963233557272
8.398924667000074,3423.8769996988603
8.41635528400002,3442.2189415433713
8.433768611000005,3445.6367815322956
8.451026483000078,3476.674296793172
8.46849121199989,3435.49562095386
8.485842720999926,3457.9125077751987
8.503228289999925,3451.138124959049
8.520709943999918,3432.1695189723637
8.538103168999896,3449.6190327024447
8.555567636999967,3435.546963111379
8.573033874999965,3435.1988104140946
8.590545109000004,3426.371893600659
8.607888754999976,3459.480203879659
8.625277448999896,3450.5179055010435
8.642472931999919,3489.2884369644744
8.659845481000048,3453.724608838632
8.677074709999943,3482.4541481435826
8.694325343999935,3478.1330355756977
8.711601704000032,3472.953793488081
8.729049768000095,3438.7769324883566
8.746387580999908,3460.6440847324884
8.763714560999915,3462.807713749045
8.781137730999944,3443.6902125101046
8.79843575599989,3468.6040747535685
8.815872883000111,3440.9338189277987
8.8331817400001,3466.433398810671
8.850539394999942,3456.688129850935
8.867885748999925,3458.9401323216925
8.885113989000047,3482.6540609821013
8.902445188000002,3461.9647492453782
8.919684780999887,3480.3605862619843
8.936913905999972,3482.4751692092796
8.95424885500006,3461.2158362679706
8.97151162299997,3475.6882558066213
8.988717313000052,3487.218472476963
9.00605309499997,3461.049521751192
9.02319519699995,3500.154181795835
9.04043687300009,3479.9401171622662
9.057653759999994,3484.950560477875
9.074903716000108,3478.269741650506
9.092104928000026,3488.126301814414
9.10930608700005,3488.137049364921
9.126573437999923,3474.765758826643
9.14389432500002,3464.025831914182
9.161195894999992,3467.8933761558
9.178598862999934,3447.6877737291447
9.195916006000061,3464.774761030621
9.213251167999942,3461.17330777822
9.230400462000034,3498.6863015864806
9.247608812999943,3486.6792291904967
9.264841639999986,3481.727054989216
9.282132014999888,3470.1387332743875
9.299431293999987,3468.352640572865
9.316741978999971,3466.06734511404
9.33393293600011,3490.2070896643527
9.351250808000032,3464.6289105423743
9.368453326000008,3487.8614863290527
9.385755105000044,3467.851485091549
9.402813990999903,3517.2284990061207
9.419986719999997,3493.9117713713354
9.437016493000101,3523.2413256262416
9.454127300999971,3506.5556226482577
9.471341380000013,3485.519033568759
9.488460469000074,3504.859399923905
9.505658404000087,3488.79095077142
9.522943206000036,3471.2575822492126
9.54026024399991,3464.79576937104
9.557460210000045,3488.378988628814
9.574663353000005,3487.734770334546
9.591834311999946,3494.271927398256
9.609129529000029,3469.1672269687824
9.626211538000007,3512.467415283388
9.643370569999888,3496.7007463133664
9.660514031000048,3499.8767168100394
9.677638118999994,3503.836233508582
9.694815117999951,3493.043226011042
9.711956756000063,3500.248926013269
9.72912578799992,3494.6641138826535
9.746290756999997,3495.491311387072
9.763488067000026,3488.9177435250044
9.7805405470001,3518.5497945012444
9.797695308999891,3497.571111784076
9.814775390000023,3512.8639026676574
9.831885261000025,3506.747654613622
9.849004036999986,3504.9234828550934
9.866142445999913,3500.9083982216453
9.883468285999925,3463.0355584466656
9.90071361199989,3479.203582473276
9.917908995000062,3489.308728942101
9.935169163999944,3476.21161765029
9.952238725999905,3515.0286808846413
9.969420152000112,3492.1432015758573
9.986601421999922,3492.1749091111233
10.00384127999996,3480.3070883683727
10.020956566999985,3505.6379714763316
10.038155699000072,3488.548142993282
10.055345561999957,3490.4292140316284
10.072529956999915,3491.5398534627084
10.089697114000046,3495.045801674835
10.106794692999983,3509.2687684156595
10.124031791000107,3480.8643542881073
10.141120466000075,3511.0972617895704
10.15832439299993,3487.575830826639
10.175644978000037,3464.0862303224762
10.19281417000002,3494.6315470209292
10.210027265000008,3485.718285993366
10.227186145999895,3496.7315176552893
10.24442418600006,3480.6741369333877
10.261533487999941,3506.8642777138643
10.278623157000084,3510.8930430132277
10.295645643999933,3524.7493506989613
10.312790619999987,3499.5674534516975
10.329840762000003,3519.032275504932
10.34691272300006,3514.5347391435034
10.364069885999925,3497.081656243007
10.381406562999928,3460.870846240588
10.398718918999975,3465.732797999003
10.416026379999948,3466.7129973653236
10.433238433000042,3485.929307774776
10.450322216999893,3512.1024710054007
10.467477816999917,3497.4002657975893
10.48465169699989,3493.677608094056
10.50190098600001,3478.4042402898153
10.519044868000037,3499.790770836118
10.5361407339999,3509.6203959764302
10.55336976500007,3482.4941692546863
10.570676652999964,3466.8277740266567
10.58787428100004,3488.853230209063
10.60497248999991,3509.1394660376645
10.622151734,3492.5867517619395
10.639306188000091,3497.6339089356716
10.673588900999903,1750.1532040457296
10.690569778000054,3533.3864086917697
10.707763604000093,3489.6247059766984
10.72537374500007,3407.1277453188527
10.742102249000027,3586.692509990994
10.759347944999945,3479.128937462712
10.77668904899997,3459.987322601533
10.79378392500007,3509.823645380363
10.810973740999998,3490.4387574744105
10.828144860000066,3494.2393678456788
10.845314364999922,3494.5678399291482
10.862523554000063,3486.509445593745
10.879668894999895,3499.492952667871
10.896869854999977,3488.1774040352425
10.914080241999955,3486.2667527510557
10.931260735000023,3492.3328451493885
10.948438728999918,3492.8408986735963
10.96551589899991,3513.462710743284
10.982633116999978,3505.2424990887043
10.999676122999972,3520.5057136059004
11.016892810999934,3484.9908414517135
11.034029247000035,3501.3114745474095
11.051196147999917,3495.097921308655
11.0683585700001,3496.0100619457867
11.085674572000016,3465.00306481204
11.102717213000005,3520.5811118146776
11.11994301499999,3483.1469675579747
11.137019508000094,3513.6020024506206
11.154134072000033,3505.7860661955588
11.17133894299991,3487.3844738755474
11.18849642300006,3497.0170444303335
11.205586669000013,3510.7745084633016
11.222728786000062,3500.1511190146553
11.239889858999959,3496.284876846487
11.257028537999986,3500.8532454517403
11.274151228999926,3504.1221032493454
11.291223977000072,3514.372730124455
11.308288080000011,3516.1531784129115
11.325376867999921,3511.0740445908777
11.342556011999932,3492.607082166774
11.359661881999955,3507.567869972069
11.376858784999968,3489.000315926391
11.393972259000066,3506.0093584538376
11.41109854299998,3503.38695774867
11.428092236000111,3530.7216624153657
11.445194669000102,3508.272770314717
11.462312255999905,3505.166937413125
11.47938797300003,3513.7616768631146
11.496464209999885,3513.654676993962
11.513608357000066,3499.736673942814
11.53071875799992,3506.6390320431765
11.547802390000015,3512.1337195549704
11.564890448999904,3511.2238318225986
11.581846385000063,3538.5837738146083
11.598961993000103,3505.5722238940903
11.615980735999983,3525.5247699798597
11.633074523000005,3510.0472469865285
11.650185185000055,3506.585542968731
11.667300429000079,3505.646778971731
11.684456814999976,3497.240036471587
11.701649030999988,3489.951498978226
11.718715111999927,3515.745647768486
11.735794995000106,3512.9046258321914
11.752818059999981,3524.629671591929
11.769872631999988,3518.118191413867
11.786898457999996,3524.0580985598567
11.804058280999925,3496.539562223234
11.821178420000024,3504.644442410998
11.838205964000053,3523.702537482547
11.855384223000101,3492.787016416153
11.872457022999924,3514.3620261831907
11.889555028999894,3509.1811290806613
11.906777867000073,3483.746406914688
11.923772133000057,3530.60261620354
11.940916540999979,3499.683395324781
11.958029181000029,3506.1802270031753
11.975100887000053,3514.5872357405096
11.992227015000026,3503.4188696999117
12.009177847000046,3539.6492632295335
12.02626090700005,3512.251317971386
12.04331865600011,3517.4629430759155
12.060388018999902,3515.0696602288826
12.077445820000094,3517.4522202085277
12.094570230000045,3503.77034888623
12.11165000799997,3512.9262218902536
12.128746712000066,3509.448370847568
12.145763631999898,3525.902454767958
12.162846382999987,3512.314849036156
12.179978089000087,3502.278173560134
12.19701636600007,3521.482835386399
12.214061048000076,3520.1595430165085
12.231138955999995,3513.3108809512064
12.248285244000044,3499.2996734820063
12.265389139000035,3507.9728915566443
12.282430749000014,3520.7941033785
12.299490586000047,3517.0324311939435
12.316576253999983,3511.715198974051
12.33379680600001,3484.2088685605954
12.351235201999998,3440.683420656296
12.368728279999914,3429.928112153199
12.386488886000052,3378.263106536656
12.40436588800003,3356.2674546926673
12.422445943999946,3318.5737920433085
12.440466004999962,3329.622469088643
12.45859886900007,3308.9091717470205
12.476912757000036,3276.2021914795646
12.495204251999894,3280.213017058862
12.513497256999926,3279.94225114431
12.53192358299998,3256.2107063462327
12.550528017000033,3225.037644242626
12.569083759000023,3233.5004442308905
12.587734646999934,3217.0050026725985
12.606354705000058,3222.3315308470064
12.62515849700003,3190.84576132787
12.643911615999968,3199.4677792102243
12.662809147999951,3175.0177748107535
12.681684287000053,3178.7845376755613
12.70052672099996,3184.3019856296146
12.719549763000032,3154.0696803263113
12.73861415500005,3147.228613424548
12.757657352000024,3150.731465944674
12.776582486000052,3170.387063040631
12.795719684000005,3135.2552238915628
12.814735071000086,3155.339410117891
12.833659372000056,3170.5266154927
12.85252570900002,3180.267584540516
12.87164514899996,3138.1672266649616
12.890656889999946,3155.9445292277605
12.909718418000011,3147.7014854104723
12.928996176000055,3112.395123948728
12.948178212999892,3127.926403254802
12.967426808000027,3117.1106254548718
12.986747582999897,3105.4654898888
13.006118092999941,3097.4920123353886
13.025571407999905,3084.307224764015
13.045042689999946,3081.461200134401
13.064746762999903,3045.055710062104
13.084449220999886,3045.3053116545466
13.104149128000017,3045.699657343591
13.12385028499989,3045.5064136786114
13.143601854000053,3037.7333567527035
13.1633164509999,3043.4302055712624
13.183321700000079,2999.2128565590906
13.203220136000027,3015.312359230399
13.223310115999993,2986.56345103884
13.243363434000003,2992.023564378331
13.263496222999947,2980.213024641775
13.283759364999923,2961.0412837293766
13.30415327600008,2942.054616181374
13.324466882000024,2953.6853279600896
13.345004008999922,2921.538148948427
13.365532491000067,2922.7684735566672
13.386191326000016,2904.3264056345574
13.40700165699991,2883.18335735783
13.427742358999922,2892.8625463094563
13.448568731000023,2880.9626563718284
13.469549358999984,2859.7809369724832
13.490561755000044,2855.4573214700677
13.511664195000094,2843.2731001656084
13.532921672999919,2822.5361447154824
13.554163319000054,2824.6398607536657
13.575539899999967,2806.8099384201723
13.59684659200002,2816.0166768192425
13.6182869700001,2798.4581241887577
13.639688445000047,2803.5450827639816
13.6610956479999,2802.794928436522
13.682782201000009,2766.6914147075054
13.704452192999952,2768.8058214400075
13.726169212000059,2762.8101259986142
13.74814579100007,2730.179251282461
13.770142783999972,2727.6455468375216
13.792212427000095,2718.66654117
13.814425181999923,2701.1507577725274
13.83678927699998,2682.8718085773885
13.859270079999988,2668.943809524045
13.88192992900008,2647.8552438613006
13.904562124999984,2651.0905084179335
13.927478876999885,2618.1720690724114
13.950583946000052,2596.8327555986657
13.9737701009999,2587.75118170271
13.997082026000044,2573.7900237595227
14.02052654299996,2559.2337858875226
14.04414073199996,2540.845251979658
14.067799603999902,2536.0465198910447
14.091641114999902,2516.6190179808086
14.115707605999887,2493.09298975232
14.13975722400005,2494.8421217997648
14.164021721999916,2472.748457451364
14.188296795000042,2471.6712489263386
14.212494739000022,2479.5495022242685
14.236733512,2475.3728251859816
14.260732411999925,2500.1145885932165
14.284770943000012,2495.9927875701596
14.30902586100001,2473.7251224682623
14.333191829000043,2482.83040016919
14.357635323000068,2454.6408954439767
14.381973462999895,2465.266450124225
14.406451224999955,2451.2044851098635
14.430809571000054,2463.2214354683956
14.455176561999906,2462.3475258133167
14.47961635899992,2455.0122081605878
14.504065998999977,2454.0238629223104
14.52860974400005,2444.6147073244138
14.55330357999992,2429.7561545446933
14.578159225000036,2413.9385640453042
14.602958051000087,2419.4693732629244
14.62787744000002,2407.763689557582
14.652680589000056,2419.047678176407
14.677670543999966,2400.9647076281713
14.70257889100003,2408.8310637331906
14.727788930000088,2380.004251475471
14.752979491999895,2381.844438423398
14.77830394700004,2369.2513817041813
14.803591948000076,2372.666783741273
14.828990042999976,2362.38190306144
14.854198988000007,2380.1075372224286
14.879637182999886,2358.6579157949673
14.905162662000066,2350.592519716356
14.930750062000016,2344.904132507352
14.956438754999908,2335.657948820149
14.982142811999893,2334.2618637997994
15.007946962999995,2325.2072893141303
15.03347587899998,2350.2760555926407
15.059289820999993,2324.3253587526006
15.08519115099989,2316.483362060512
15.110891352999943,2334.612000321121
15.136658841000099,2328.5156861094456
15.162421802999916,2328.9247564168377
15.188437452000016,2306.3041786798135
15.21429686600004,2320.2381925570335
15.240114928999901,2323.954357084188
15.265850968999985,2331.3610019181447
15.291933642999993,2300.3776376601822
15.318028973000082,2299.2619752191226
15.344199191999905,2292.682380701719
15.370310301000018,2297.8725262010903
15.396544681000023,2287.075204368764
15.422809891000043,2284.3906445048515
15.449325650999981,2262.8052147153026
15.475750170000083,2270.618435846207
15.502412374999949,2250.376516132169
15.529156447000105,2243.4878278689257
15.556169402000023,2221.156478444564
15.583344633000024,2207.8929154272
15.610847594999996,2181.5832054766483
15.638370658999975,2179.989844155638
15.666102611000042,2163.569300850304
15.693906534999996,2157.9687816762307
15.721829874999912,2148.7400862569143
15.748886053999968,2217.608036961783
15.775168814999915,2282.865183004157
15.801442983000015,2283.611796947166
15.827671321000025,2287.6020585054744
15.853531255999997,2320.191446732816
15.878719584999999,2382.055594080672
15.903645228999949,2407.159469986838
15.928232623999975,2440.2747830722496
15.952508952000017,2471.5434723034223
15.976290066000047,2523.010486385264
15.999883435999891,2543.0873164959708
16.023183187000086,2575.134815796855
16.046250771999894,2601.0525159222225
16.069034788999943,2633.4250013889473
16.091694807000067,2647.835495967884
16.114040479000096,2685.08371553665
16.13615065099998,2713.683095740471
16.158293636000053,2709.6617732343557
16.180512709999903,2700.3825632160106
16.20261523299996,2714.6222175560306
16.224975544000017,2683.3258267225224
16.247224823999886,2696.7164780322414
16.26964981800006,2675.5860001358496
16.292074133999904,2675.66689661446
16.314470692999976,2678.9829634011217
16.33661586800008,2709.39380699024
16.359012582000105,2678.9644230816853
16.381527255000037,2664.928777787722
16.403915636999955,2679.961419285304
16.42594280200001,2723.9093183281952
16.44744293100007,2790.6809303252294
16.46880791700005,2808.3332233428464
16.490076400999897,2821.0755407122842
16.511366914000064,2818.1566127377305
16.532278085999906,2869.27963676325
16.553064374000087,2886.518266247291
16.573716977000004,2905.2027969666474
16.59408283399989,2946.107301074059
16.61429443499992,2968.592146654606
16.63475596100011,2932.3326128971253
16.655289979999907,2921.9803488344614
16.675779420000026,2928.3377193154265
16.696363123000083,2914.9274063969406
16.716909745000066,2920.188048431916
16.73744912899997,2921.2171114909047
16.757775302000027,2951.8591620680263
16.778073561999918,2955.918389079846
16.79842931600001,2947.569517676726
16.818914693999886,2928.9183729176993
16.839351742999952,2935.8446026041925
16.859582508999893,2965.7799413119747
16.880024922000075,2935.074249770032
16.90044915899989,2937.6862401538847
16.920890894999957,2935.171455095879
16.941204362000008,2953.7055392784364
16.961527149999938,2952.3508290400696
16.981695942999977,2974.8929447530245
17.001852964999898,2976.630178814835
17.02215013099999,2956.0777105399984
17.042214453000042,2990.382630414411
17.062393452999913,2973.3881758453713
17.08240580100005,2998.1489428222203
17.10241179500008,2999.1011693750224
17.122565068000085,2977.183904568953
17.14283202799993,2960.483466709395
17.16312638599993,2956.4867240440426
17.18354854600011,2937.9850123332058
17.20420917399997,2904.0743582628666
17.224694452999984,2928.9325275951282
17.24535065500004,2904.696613629221
17.265716725999937,2946.0763443424603
17.28603368800009,2953.197431759326
17.306329401000085,2956.2893405130512
17.32642544500004,2985.662252736442
17.34659382599989,2974.9537159403444
17.36674017700011,2978.2068226320903
17.387076147000016,2950.4370826805316
17.407514556000024,2935.6492474525635
17.427777199000047,2961.114204101109
17.447761847000038,3002.304568988573
17.467618225000024,3021.6991235784667
17.487396276000027,3033.6659562659142
17.507311502999983,3012.7700778973303
17.527417754999988,2984.146423708653
17.547470104000013,2992.1681494734116
17.567549795000104,2988.0937908718706
17.587756193999894,2969.3563905485958
17.608025451000003,2960.1479718608903
17.62845474599999,2936.9589112126973
17.64893091199997,2930.2360607966125
17.66948451799999,2919.1957849117944
17.690129209999895,2906.316064210371
17.710622301000058,2927.8160136762776
17.731023838000056,2940.9548898206117
17.75141422999991,2942.562359783478
17.771810819999928,2941.6681906115505
17.792171110000027,2946.9128386535244
17.812646911,2930.288294952327
17.833116306999955,2931.2052001992347
17.85373959499998,2909.3324013091033
17.87447328899998,2893.8403354461893
17.895058610999968,2914.6981524036755
17.91560758300011,2919.8540929241744
17.936037814999963,2936.8242122963115
17.95632858099998,2957.010100059868
17.976480348999985,2977.4062504086287
17.99677538500009,2956.387956132924
18.01743559600004,2904.132973286038
18.038325734999944,2872.168538480249
18.05944225899998,2841.376734158479
18.08059815499996,2836.0888142034255
18.101671661999944,2847.176789323629
18.122807872000067,2838.7303116146372
18.143949238000005,2838.0379962286256
18.165028269999993,2846.4305192018346
18.18588789599994,2876.3698831490665
18.20650098200008,2910.7723122871607
18.22715620000008,2904.834991332218
18.247755589000008,2912.7077507111812
18.268454448000057,2898.71050379431
18.28915294300009,2898.7614799966614
18.30983222100008,2901.455263575101
18.330720178000092,2872.468571242322
18.35171286500008,2858.138169736508
18.37255296100011,2879.0654323241356
18.393240362999904,2900.315854093105
18.414074262999975,2879.921666120926
18.434761248000086,2900.374317459861
18.455752059999895,2858.3934723700027
18.476652776000037,2870.715051082097
18.497740819,2845.214228750588
18.518741421999948,2857.0608186893273
18.539559385000075,2882.1263636425156
18.560129297999993,2916.881563876358
18.58069608599999,2917.324766512416
18.6012012650001,2926.090038018005
18.621814662999896,2910.728255506173
18.642355984999995,2920.9415051139517
18.663082914999904,2894.784707636934
18.683788232000097,2897.8063943402312
18.704532451999967,2892.371947481148
18.725420199999917,2872.497312785629
18.74637252599996,2863.64387418746
18.76738880500011,2854.9297427756096
18.78817244800007,2886.8856148134787
18.808936927000104,2889.5499858145427
18.829847121000057,2869.4138371043123
18.850822518000086,2860.4941303335663
18.871808486999953,2859.053113076713
18.8927618539999,2863.5016033533343
18.9137867259999,2853.762914704323
18.93474103099993,2863.373421352236
18.956132848999914,2804.810699120839
18.977658091999956,2787.4249781934286
18.999701205000065,2721.9385936870026
19.022569815999987,2623.6836159487584
19.0458575560001,2576.462980079019
19.06977102099995,2509.0466814564584
19.09403544399993,2472.756100569841
19.118455528999903,2456.9939048149586
19.14318241000001,2426.5090287668218
19.16800699600003,2416.958735986401
19.192937407000045,2406.6991916004313
19.218034781999904,2390.6882692049007
19.243445930999997,2361.168320243291
19.268591113999946,2386.1429045921136
19.293880243000103,2372.560952954419
19.319535693000034,2338.684373112192
19.34532461999993,2326.5799310008665
19.371235412000033,2315.63743785827
19.397239372000058,2307.340881924954
19.423641524999994,2272.5419400511296
19.450184498999988,2260.485204107589
19.47696552499997,2240.3921343433058
19.50357568000004,2254.778297978323
19.530460446000006,2231.7471537626484
19.55757232699989,2213.051908875672
19.584740713999963,2208.4491066707765
19.61207023199995,2195.4284008970426
19.639522602999932,2185.603567722477
19.667085484999916,2176.840578573578
19.694794813000044,2165.3358031534544
19.722767501999897,2144.949311105402
19.750923091000004,2131.015621792582
19.77906717099995,2131.887061155042
19.807574810999995,2104.6989508745205
19.836138852999966,2100.5430533977365
19.865140511999925,2068.8471649185203
19.89437142099996,2052.6217641719354
19.92412014799993,2016.8930253742312
19.953946419999966,2011.649327141063
19.98415427300006,1986.2384791072693
20.014370769999914,1985.6702780698392
20.044798810999964,1971.8653593210659
20.07548844300004,1955.0576559488031
20.106423209000013,1939.56534211548
20.138038538000046,1897.8135574656674
20.168795045000024,1950.8067024660008
20.200040416000093,1920.284447890507
20.231399110999973,1913.3449271478983
20.262455071999966,1931.9962438133539
20.293440102999966,1936.4189114414532
20.324389614999973,1938.6412296254423
20.35526840500006,1943.0813189192017
20.38477273500007,2033.5998139927938
20.413306838999915,2102.7469445097868
20.441787458999897,2106.6957109795276
20.470734443000083,2072.7547988977058
20.498536582000042,2158.1073312412245
20.52495926100005,2270.776555245779
20.550733301000037,2327.923755842277
20.57587396000008,2386.5722851534792
20.600924836000104,2395.12582314267
20.625851243999932,2407.085690020525
20.650710991000096,2413.5402504138056
20.675484338999922,2421.9576619365866
20.700200244999905,2427.586510486044
20.724587951000103,2460.255999457816
20.748817650000092,2476.2998500323174
20.772653635000097,2517.2024567051453
20.79628208600002,2539.3116120983705
20.819583586999897,2574.9414168775666
20.842742497000017,2590.795508065306
20.86543457399989,2644.094676760204
20.887845166000034,2677.30544555091
20.909879593999904,2723.01146189746
20.93192193699997,2722.0336785349486
20.953208254999936,2818.712000830595
20.974713719999954,2789.988498270032
20.995691783999973,2860.130467708824
21.016826345000027,2838.951800316462
21.038137503999906,2815.4264158200385
21.05937986699996,2824.544519827783
21.08048838900004,2842.453867673993
21.101465567000105,2860.2512692512705
21.12225568000008,2885.987199784379
21.14295194600004,2899.0736783204698
21.163358400000106,2940.2462573753523
21.183667259000003,2954.3757234369664
21.203836077999995,2974.889109770173
21.224085983999885,2962.9767170438245
21.244303288000083,2967.754751049508
21.26461568900004,2953.860550514498
21.284889342000042,2959.5061136731824
21.30548031100011,2913.8988067925143
21.325441181000087,3005.881006192049
21.34562973800007,2971.980612584157
21.365918389999933,2957.318209233694
21.386202771999933,2957.9407447562626
21.406409295999993,2969.3380217114013
21.426635038000086,2966.5166301302174
21.446971810999912,2950.320584318492
21.46718682400001,2968.091091492801
21.48730710599989,2982.0655595363137
21.507219386000088,3013.2159651933966
21.527108387,3016.7427715585227
21.54669064399991,3063.9981898038113
21.56621618700001,3072.8978958328257
21.585687830000097,3081.404070510567
21.60504703400011,3099.300983654348
21.624437954000086,3094.2317332064745
21.643491352999945,3149.044430363615
21.662893782000083,3092.3963179854054
21.6816720490001,3195.183027270232
21.701165356000047,3077.979534214507
21.71980670800008,3218.650664388436
21.73855555,3200.197644219707
21.757907463000038,3100.4686720060126
21.776515016000076,3224.497063094615
21.795933070000046,3089.907979455134
21.814398708,3249.278470646654
21.833299880999903,3174.406159887823
21.852245059000097,3167.032793219667
21.87114227400002,3175.0710356123805
21.89006068399999,3171.5138851572287
21.908866449000016,3190.510994895525
21.927884121000034,3154.96029166676
21.94643204399995,3234.863547809439
21.965119381000022,3210.7303464245606
21.983796458999905,3212.4939458076815
22.002424009999913,3221.035336312972
22.02101807500003,3226.836089882796
22.039668176000077,3217.1407543500354
22.05820172499989,3237.3723996740882
22.077164402000108,3164.110214992895
22.095083163000027,3348.445799364775
22.113515418999896,3255.1631227575263
22.131850860999975,3272.35089286309
22.150285201000088,3254.7951269008604
22.168688713999927,3260.2471061108918
22.187030671000002,3271.188565089006
22.205389604999937,3268.1636090752577
22.22374270699993,3269.2021218008076
22.242161011000007,3257.6289325956864
22.260493644999997,3272.852117160832
22.278829092000024,3272.350000516073
22.297170995999977,3271.1980174005985
22.315431085,3285.854740353357
22.333578579999994,3306.241439935402
22.351790130999916,3294.6123040402554
22.36976404799998,3338.1705278704503
22.387886232000028,3310.8592209326393
22.406063515999904,3300.823159302028
22.424182888999894,3311.3728604202606
22.442353922999928,3301.958490633445
22.46051386399995,3303.975491986909
22.47866516099998,3305.5489092540693
22.496829945999934,3303.094421439803
22.51495452600011,3310.421538011745
22.533139725999945,3299.38631417562
22.55147048499998,3273.1868876722247
22.569267854999907,3371.284633642536
22.58738472799996,3311.829806381183
22.605431554000006,3324.684351688742
22.623472235999998,3325.816618242469
22.641458234000083,3335.92831488775
22.659429702999887,3338.6252398541064
22.677375861999963,3343.33380194321
22.695317594000016,3344.158746759777
22.71309506900002,3375.057481447238
22.730988212000057,3353.2398416462756
22.748830525999892,3362.7925167414996
22.766582065999955,3379.988440427546
22.784360948000085,3374.790383307701
22.802057961999935,3390.4024713156546
22.819789035999975,3383.8897745205268
22.837446105000026,3398.0724660375004
22.85511598700009,3395.6084143506637
22.87278888800006,3395.028354434017
22.890460800000028,3395.2183555523416
22.908235203999993,3375.6406122037856
22.92606408100005,3365.326935611845
22.9437704689999,3388.6075466381785
22.961371607000046,3408.8704945955183
22.979054402999964,3393.1285527628465
22.99667095599989,3405.887633083189
23.01417871600006,3427.0517758646793
23.03173772199989,3417.0499173236785
23.04927584400002,3421.1188632138583
23.06690249899998,3403.9356871818454
23.084465203000036,3416.3304238235505
23.10200046,3421.6778231494427
23.11967112299999,3395.4583367944024
23.13729402900003,3404.659821703402
23.15504848799992,3379.4327385799675
23.17275040200002,3389.4639867566443
23.190455492999945,3388.855781664911
23.2081499599999,3390.8904970209182
23.225695533999897,3419.6658370944865
23.243361254000092,3396.4084112810565
23.26098015499997,3405.4337441600715
23.27858931700007,3407.3171681686554
23.296287950000078,3390.0923308579404
23.313941274999934,3398.7931452284906
23.331618086999924,3394.277203379879
23.349369424000088,3380.0270931393898
23.36712846899991,3378.560052108999
23.384848246000047,3386.0471268645797
23.402525838999964,3394.127243470468
23.420219160999977,3391.109934016544
23.437897222999936,3394.0371970716624
23.45569225400004,3371.7277592629903
23.4732668879999,3414.011352981168
23.49096432300007,3390.32181778964
23.508645405999914,3393.457289948392
23.52632518700011,3393.70719576961
23.54398022999999,3398.46241101866
23.56161480700007,3402.4065334669067
23.57928068199999,3396.378611320968
23.59690656199996,3404.0853563116643
23.614492028000086,3411.908447553453
23.631951672000014,3436.4961851598114
23.649544012999968,3410.575090612246
23.667011416999912,3434.969500916714
23.68460964199994,3409.4347583294166
23.7021410509999,3422.4288532738997
23.719586789999994,3439.2352195382687
23.737069712999983,3431.9203945495224
23.7546266920001,3417.4444247836136
23.7721181039999,3430.2548016528576
23.78968768699997,3414.9928316323003
23.807150142999944,3435.9428020940286
23.824682593000034,3422.2256444303503
23.842112240000006,3442.4105089504847
23.859629692,3425.1556676179134
23.877029236999988,3448.3660348610774
23.894415137999886,3451.0722222767026
23.911706619999904,3469.9165751053033
23.929031328000065,3463.2618338759466
23.946443631999955,3445.839218082674
23.96381010799996,3454.932365091081
23.981088258,3472.593998771108
23.998481188999904,3449.677343072969
24.01577308800006,3469.832896864468
24.03313393799999,3456.0519790353383
24.050510412999984,3452.944282429444
24.067879231999996,3454.466305392339
24.085189149999906,3466.2209260790464
24.102503390000038,3465.3556840809006
24.119895280000037,3449.883825162393
24.137210144999926,3465.2305981238387
24.1546110459999,3448.097314046613
24.17187566000007,3475.316621582915
24.189382857000055,3427.161983728582
24.20655039600001,3494.9680324100304
24.2237993870001,3478.464334504838
24.24093677299993,3501.1173816468336
24.25820122999994,3475.348225545956
24.27542855599995,3482.838834068699
24.292606302999957,3492.8911224494045
24.309856751000098,3478.170537919389
24.326994240999966,3501.096134875146
24.344299059999912,3467.2422751249937
24.361524874999986,3483.144338874009
24.37869085200009,3495.2860533155567
24.395834538999907,3499.8305790722716
24.413007651000044,3493.8338490730134
24.43024809999997,3480.1877839869717
24.44746193800006,3485.567832094765
24.46456500299996,3508.1431310906514
24.481776497000055,3486.0425248193437
24.499039080000102,3475.725504105416
24.516258749999906,3484.3873315042097
24.533441965000065,3491.779623280287
24.550621169999886,3492.5946806402085
24.567807822000077,3491.081334475854
24.584936666999965,3502.8631527923344
24.602123214999892,3491.102459915461
24.619310543999973,3490.94382261022
24.63637330100005,3516.4305510377035
24.65358458600008,3486.0848565283923
24.67070213000011,3505.175742495288
24.68780821700011,3507.523374573812
24.70503746899999,3482.449499283018
24.722141524000108,3507.940076174099
24.739333853000062,3489.928560590039
24.756397391000064,3516.2696036421303
24.773488948000022,3510.505216122076
24.790670339999906,3492.150112191439
24.807833973000015,3495.7633969229046
24.824995784000066,3496.1345279832144
24.84204442700002,3519.341686031325
24.859221028000093,3493.124163490917
24.876301439999907,3512.795827211549
24.89346116699994,3496.559123573379
24.910497051999982,3521.9772849989904
24.927551475999962,3518.1487220014383
24.944676570999945,3503.630198843241
24.961640118000105,3536.9961246569496
24.978701,3516.8170086614195
24.995773131000078,3514.4997422834126
25.012941242999887,3494.8513849787123
25.029997073999994,3517.8584965824075
25.04720419299997,3486.928869387162
25.064400792000015,3489.0619941678547
25.08144480100009,3520.2985400758707
25.14989325900001,876.5719747853121
25.167101111999955,3486.780134639148
25.18423975199994,3500.86121186125
25.20134641599998,3507.4050673973106
25.218509636999897,3495.8473121265347
25.23569790800002,3490.7525020737367
25.252849150999964,3498.2887246245878
25.269954252999923,3507.7253558699626
25.287101226000004,3499.1598808557724
25.304226428999982,3503.6081032194406
25.321219874000008,3530.773189303867
25.338439913000002,3484.3126661919673
25.3555237139999,3512.098976121027
25.372671832999913,3498.926033809143
25.389877706000107,3487.181382736282
25.407116337999923,3480.554605530049
25.424206856999945,3510.7184281486984
25.441443353000068,3480.9859265810787
25.458522987999913,3512.9556340368495
25.47570053100003,3492.932603899994
25.492764333999958,3516.214996167772
25.509884642000088,3504.609846945658
25.527089942999964,3487.2973161255054
25.544205511999962,3505.580211794758
25.561327956000014,3504.1726519776985
25.578380093000078,3518.620569361713
25.595485559000053,3507.6507123562847
25.61252540600003,3521.1583766026083
25.62959660399997,3514.691821875198
25.646622806000096,3523.980274612087
25.663707909000095,3511.8313304872663
25.6807425479999,3522.234900351786
25.697841244000074,3509.0395197027883
25.715072897000027,3481.9642665832534
25.732168363000028,3509.7025141050644
25.749286641000026,3505.0254470693058
25.766371848000063,3511.809953480338
25.783361542999955,3531.5525087635924
25.80033014600008,3535.942233993272
25.817284322999967,3538.9509028007687
25.83435802100007,3514.177186432319
25.851471143000026,3506.0814736292496
25.8685538499999,3512.323895764806
25.885649420999925,3509.6809577114923
25.90278738400002,3500.9995061644854
25.919885350999948,3509.18913343653
25.93686286000002,3534.087362271361
25.953859012000066,3530.210838302344
25.970725697000034,3557.3083863315983
25.987691384000073,3536.549978781602
26.004807474000017,3505.4735047661547
26.021808000999954,3529.3023563460224
26.038879927999915,3514.5417386178838
26.055960397000035,3512.7841044397965
26.07303987499995,3512.987926229452
26.09024429100009,3487.4767036271282
26.107217736999928,3534.9333306019525
26.12433564999992,3505.100183651205
26.14140528600001,3515.0134425650604
26.158366704999935,3537.4398804875864
26.175447750000103,3512.665647763899
26.19252390099996,3513.672372685588
26.209636714,3506.1447816826276
26.226750621000065,3505.920652704697
26.243867079999973,3505.3979330843213
26.2609540630001,3511.4449402539685
26.27796646899992,3526.8380028450592
26.29506027299999,3510.0437561912527
26.312088199000073,3523.623487658406
26.329287150000027,3488.5848561437015
26.34648495600004,3488.8171200416573
26.36372145700011,3480.9849168201317
26.381078780000053,3456.754247195872
26.398459330999913,3452.134515210872
26.41614506199994,3392.565452901138
26.433859385000005,3387.0896449039487
26.451801708999938,3344.0484075656113
26.469697005999933,3352.836222836377
26.48766708700009,3338.8831135192627
26.5057626790001,3315.724625089411
26.523965865000037,3296.1262935075065
26.54228091599998,3275.9941536706683
26.560612007999907,3273.1274274463817
26.578946536000103,3272.5140237784713
26.59747505900009,3238.2505610427957
26.61592718099996,3251.6585355558564
26.634450390999973,3239.1793862921577
26.65309661099991,3217.810365865206
26.671719863999897,3221.7787085876903
26.690240054000014,3239.707583972913
26.708973713999967,3202.791125714456
26.727485830999967,3241.1203969810313
26.74617116200011,3211.0750406049815
26.764647814,3247.341563848063
26.783258308000086,3223.987498651183
26.801961292999977,3208.0440635732984
26.820708233999994,3200.5221545180957
26.83943116599994,3204.6262839694664
26.8582987719999,3180.053685673407
26.877161274999935,3180.914007005505
26.8959589399999,3191.885800715682
26.914825557000086,3180.2203860613154
26.93368207100002,3181.9242941831812
26.952670291999993,3159.8536798201076
26.971690542000033,3154.5326691223877
26.990688657999954,3158.2078981016157
27.00983394800005,3133.930068423965
27.02890028799993,3146.90706241334
27.048180409999986,3112.0135028102936
27.067307160999917,3136.967695152068
27.08646458499993,3131.945088230928
27.10560279299989,3135.089763896923
27.124925359999907,3105.1774849555877
27.144198190999987,3113.1907917290478
27.16365064699994,3084.4434245291764
27.183078730000034,3088.3129333816078
27.20266596600004,3063.2193332423
27.22212404600009,3083.551922895143
27.241703887000085,3064.3762633217843
27.261398612999983,3046.500875427827
27.280990327999916,3062.519029100038
27.300687658000015,3046.0981259743394
27.320407695000085,3042.590640158879
27.34015726000007,3038.0415973743984
27.360026450000078,3019.7506793167836
27.379983862000017,3006.401832070271
27.399867478000033,3017.5597838920808
27.419881655999916,2997.8748065671575
27.439865263,3002.4609671188464
27.459856733999914,3001.279895824772
27.480020013000058,2975.7064810525812
27.500164283000004,2978.514485764959
27.520424324000032,2961.4945004264873
27.54085278799994,2937.0783824117298
27.561279845999934,2937.280542308771
27.581698467000024,2938.4942303271114
27.602280979999932,2915.095936063149
27.622672415999887,2942.4117065680975
27.643247845999895,2916.099444822126
27.663783019999983,2921.8160021309427
27.68435475199999,2916.623646466802
27.705040745999895,2900.51326517236
27.725713198999983,2902.413177562603
27.746438250999972,2895.0470184601822
27.767134764000048,2899.0390796643637
27.78787033699996,2893.57810368964
27.80852508299995,2904.901372305714
27.82943100500006,2870.0001846214573
27.850325312999985,2871.5954603625555
27.871283990999927,2862.775982347939
27.892397290999952,2841.8106122647937
27.91362141400009,2826.9719318724874
27.93490298000006,2819.3413962150635
27.95625870599997,2809.550937310726
27.977412105999974,2836.42345911257
27.99863247999997,2827.471372559888
28.019909150000103,2819.990158216602
28.04124326400006,2812.397083850058
28.062628415000063,2805.685122353761
28.084076892999974,2797.4012888116645
28.105621717000076,2784.891628713926
28.127149667999902,2787.074348157268
28.148799482999948,2771.3862681908417
28.170616268000003,2750.1760685567315
28.192473570999937,2745.077926594277
28.214301864999925,2748.726034202798
28.236086621999902,2754.2193837673585
28.258004023000012,2737.5508619703382
28.28000292699994,2727.408601819135
28.301961054000003,2732.473493747046
28.324085780999894,2711.897868854835
28.346123744999886,2722.5745536212876
28.368314506999923,2703.827836101399
28.390463659000034,2708.907320682053
28.41273597700001,2693.927053307183
28.43497725599991,2697.686585392427
28.45739185399998,2676.826950000023
28.479737030000024,2685.1433168340604
28.502240004999976,2666.3141206941586
28.52486484399992,2651.9525730169635
